"iso3c","date","deaths","population","cmr","deaths_baseline","deaths_baseline_lower","deaths_baseline_upper","deaths_excess","deaths_excess_lower","deaths_excess_upper","cmr_baseline","cmr_baseline_lower","cmr_baseline_upper","cmr_excess","cmr_excess_lower","cmr_excess_upper"
"USA",2017 W01,1266,103737882,1.2,1265,1163,1367,1,103,-101,1.2,1.09,1.32,0,0.11,-0.12
"USA",2017 W02,1226,103730248,1.2,1208,1106,1310,18,120,-84,1.17,1.06,1.28,0.03,0.14,-0.08
"USA",2017 W03,1223,103722614,1.2,1206,1104,1308,17,119,-85,1.2,1.09,1.32,0,0.11,-0.12
"USA",2017 W04,1162,103714981,1.1,1207,1105,1309,-45,57,-147,1.14,1.02,1.25,-0.04,0.08,-0.15
"USA",2017 W05,1181,103707347,1.1,1203,1101,1305,-22,80,-124,1.17,1.06,1.28,-0.07,0.04,-0.18
"USA",2017 W06,1212,103699713,1.2,1213,1111,1315,-1,101,-103,1.17,1.06,1.28,0.03,0.14,-0.08
"USA",2017 W07,1205,103692079,1.2,1189,1087,1291,16,118,-86,1.14,1.02,1.25,0.06,0.18,-0.05
"USA",2017 W08,1168,103684446,1.1,1184,1082,1286,-16,86,-118,1.14,1.02,1.25,-0.04,0.08,-0.15
"USA",2017 W09,1221,103676812,1.2,1226,1124,1328,-5,97,-107,1.2,1.09,1.32,0,0.11,-0.12
"USA",2017 W10,1238,103669178,1.2,1207,1105,1309,31,133,-71,1.17,1.06,1.28,0.03,0.14,-0.08
"USA",2017 W11,1180,103661544,1.1,1187,1085,1289,-7,95,-109,1.14,1.02,1.25,-0.04,0.08,-0.15
"USA",2017 W12,1309,103653911,1.3,1247,1145,1349,62,164,-40,1.24,1.12,1.35,0.06,0.18,-0.05
"USA",2017 W13,1223,103646277,1.2,1202,1100,1304,21,123,-81,1.17,1.06,1.28,0.03,0.14,-0.08
"USA",2017 W14,1240,103638643,1.2,1197,1095,1299,43,145,-59,1.17,1.06,1.28,0.03,0.14,-0.08
"USA",2017 W15,1221,103631009,1.2,1215,1113,1317,6,108,-96,1.17,1.06,1.28,0.03,0.14,-0.08
"USA",2017 W16,1211,103623375,1.2,1214,1112,1316,-3,99,-105,1.17,1.06,1.28,0.03,0.14,-0.08
"USA",2017 W17,1265,103615742,1.2,1206,1104,1308,59,161,-43,1.17,1.06,1.28,0.03,0.14,-0.08
"USA",2017 W18,1270,103608108,1.2,1251,1149,1353,19,121,-83,1.2,1.09,1.32,0,0.11,-0.12
"USA",2017 W19,1209,103600474,1.2,1255,1153,1357,-46,56,-148,1.2,1.09,1.32,0,0.11,-0.12
"USA",2017 W20,1317,103592840,1.3,1254,1152,1356,63,165,-39,1.2,1.09,1.32,0.1,0.21,-0.02
"USA",2017 W21,1294,103585207,1.2,1253,1151,1355,41,143,-61,1.17,1.06,1.28,0.03,0.14,-0.08
"USA",2017 W22,1293,103577573,1.2,1301,1199,1403,-8,94,-110,1.24,1.12,1.35,-0.04,0.08,-0.15
"USA",2017 W23,1304,103569939,1.3,1262,1160,1364,42,144,-60,1.2,1.09,1.32,0.1,0.21,-0.02
"USA",2017 W24,1289,103562305,1.2,1286,1184,1388,3,105,-99,1.24,1.12,1.35,-0.04,0.08,-0.15
"USA",2017 W25,1374,103554672,1.3,1293,1191,1395,81,183,-21,1.24,1.12,1.35,0.06,0.18,-0.05
"USA",2017 W26,1237,103547038,1.2,1255,1153,1357,-18,84,-120,1.2,1.09,1.32,0,0.11,-0.12
"USA",2017 W27,1208,103539404,1.2,1283,1181,1385,-75,27,-177,1.27,1.16,1.38,-0.07,0.04,-0.18
"USA",2017 W28,1280,103531770,1.2,1263,1161,1365,17,119,-85,1.24,1.12,1.35,-0.04,0.08,-0.15
"USA",2017 W29,1215,103524137,1.2,1237,1135,1339,-22,80,-124,1.2,1.09,1.32,0,0.11,-0.12
"USA",2017 W30,1280,103516503,1.2,1290,1188,1392,-10,92,-112,1.24,1.12,1.35,-0.04,0.08,-0.15
"USA",2017 W31,1231,103508869,1.2,1209,1107,1311,22,124,-80,1.17,1.06,1.28,0.03,0.14,-0.08
"USA",2017 W32,1243,103501235,1.2,1240,1138,1342,3,105,-99,1.2,1.09,1.32,0,0.11,-0.12
"USA",2017 W33,1196,103493602,1.2,1182,1080,1284,14,116,-88,1.17,1.06,1.28,0.03,0.14,-0.08
"USA",2017 W34,1229,103485968,1.2,1218,1116,1320,11,113,-91,1.17,1.06,1.28,0.03,0.14,-0.08
"USA",2017 W35,1166,103478334,1.1,1206,1104,1308,-40,62,-142,1.14,1.02,1.25,-0.04,0.08,-0.15
"USA",2017 W36,1215,103470700,1.2,1238,1136,1340,-23,79,-125,1.24,1.12,1.35,-0.04,0.08,-0.15
"USA",2017 W37,1210,103463067,1.2,1212,1110,1314,-2,100,-104,1.17,1.06,1.28,0.03,0.14,-0.08
"USA",2017 W38,1246,103455433,1.2,1264,1162,1366,-18,84,-120,1.24,1.12,1.35,-0.04,0.08,-0.15
"USA",2017 W39,1259,103447799,1.2,1216,1114,1318,43,145,-59,1.2,1.09,1.32,0,0.11,-0.12
"USA",2017 W40,1211,103440165,1.2,1209,1107,1311,2,104,-100,1.17,1.06,1.28,0.03,0.14,-0.08
"USA",2017 W41,1146,103432531,1.1,1195,1093,1297,-49,53,-151,1.17,1.06,1.28,-0.07,0.04,-0.18
"USA",2017 W42,1201,103424898,1.2,1217,1115,1319,-16,86,-118,1.17,1.06,1.28,0.03,0.14,-0.08
"USA",2017 W43,1226,103417264,1.2,1214,1112,1316,12,114,-90,1.17,1.06,1.28,0.03,0.14,-0.08
"USA",2017 W44,1265,103409630,1.2,1215,1113,1317,50,152,-52,1.17,1.06,1.28,0.03,0.14,-0.08
"USA",2017 W45,1167,103401996,1.1,1195,1093,1297,-28,74,-130,1.14,1.02,1.25,-0.04,0.08,-0.15
"USA",2017 W46,1247,103394363,1.2,1236,1134,1338,11,113,-91,1.2,1.09,1.32,0,0.11,-0.12
"USA",2017 W47,1212,103386729,1.2,1186,1084,1288,26,128,-76,1.17,1.06,1.28,0.03,0.14,-0.08
"USA",2017 W48,1135,103379095,1.1,1153,1051,1255,-18,84,-120,1.1,0.99,1.22,0,0.11,-0.12
"USA",2017 W49,1154,103371461,1.1,1174,1072,1276,-20,82,-122,1.1,0.99,1.22,0,0.11,-0.12
"USA",2017 W50,1214,103363828,1.2,1203,1101,1305,11,113,-91,1.17,1.06,1.28,0.03,0.14,-0.08
"USA",2017 W51,1280,103356194,1.2,1213,1111,1315,67,169,-35,1.14,1.02,1.25,0.06,0.18,-0.05
"USA",2017 W52,1173,103348560,1.1,1197,1095,1299,-24,78,-126,1.17,1.06,1.28,-0.07,0.04,-0.18
"USA",2018 W01,1271,103340434,1.2,1228,1126,1330,43,145,-59,1.17,1.05,1.28,0.03,0.15,-0.08
"USA",2018 W02,1178,103331651,1.1,1171,1069,1273,7,109,-95,1.13,1.02,1.25,-0.03,0.08,-0.15
"USA",2018 W03,1200,103322868,1.2,1169,1067,1271,31,133,-71,1.17,1.05,1.28,0.03,0.15,-0.08
"USA",2018 W04,1284,103314085,1.2,1169,1068,1271,115,216,13,1.1,0.99,1.21,0.1,0.21,-0.01
"USA",2018 W05,1225,103305303,1.2,1166,1064,1268,59,161,-43,1.13,1.02,1.25,0.07,0.18,-0.05
"USA",2018 W06,1185,103296520,1.1,1176,1074,1278,9,111,-93,1.13,1.02,1.25,-0.03,0.08,-0.15
"USA",2018 W07,1169,103287737,1.1,1151,1050,1253,18,119,-84,1.1,0.99,1.21,0,0.11,-0.11
"USA",2018 W08,1152,103278954,1.1,1147,1045,1249,5,107,-97,1.1,0.99,1.21,0,0.11,-0.11
"USA",2018 W09,1157,103270171,1.1,1189,1087,1291,-32,70,-134,1.17,1.05,1.28,-0.07,0.05,-0.18
"USA",2018 W10,1169,103261389,1.1,1169,1068,1271,0,101,-102,1.13,1.02,1.25,-0.03,0.08,-0.15
"USA",2018 W11,1167,103252606,1.1,1150,1048,1251,17,119,-84,1.1,0.99,1.21,0,0.11,-0.11
"USA",2018 W12,1201,103243823,1.2,1210,1108,1311,-9,93,-110,1.2,1.09,1.31,0,0.11,-0.11
"USA",2018 W13,1116,103235040,1.1,1165,1063,1266,-49,53,-150,1.13,1.02,1.25,-0.03,0.08,-0.15
"USA",2018 W14,1117,103226257,1.1,1160,1058,1262,-43,59,-145,1.13,1.02,1.25,-0.03,0.08,-0.15
"USA",2018 W15,1144,103217475,1.1,1178,1076,1279,-34,68,-135,1.13,1.02,1.25,-0.03,0.08,-0.15
"USA",2018 W16,1160,103208692,1.1,1176,1075,1278,-16,85,-118,1.13,1.02,1.25,-0.03,0.08,-0.15
"USA",2018 W17,1134,103199909,1.1,1169,1067,1270,-35,67,-136,1.13,1.02,1.25,-0.03,0.08,-0.15
"USA",2018 W18,1214,103191126,1.2,1213,1112,1315,1,102,-101,1.17,1.05,1.28,0.03,0.15,-0.08
"USA",2018 W19,1286,103182343,1.2,1218,1116,1320,68,170,-34,1.17,1.05,1.28,0.03,0.15,-0.08
"USA",2018 W20,1174,103173560,1.1,1216,1115,1318,-42,59,-144,1.17,1.05,1.28,-0.07,0.05,-0.18
"USA",2018 W21,1182,103164778,1.1,1216,1114,1317,-34,68,-135,1.13,1.02,1.25,-0.03,0.08,-0.15
"USA",2018 W22,1222,103155995,1.2,1264,1162,1366,-42,60,-144,1.2,1.09,1.31,0,0.11,-0.11
"USA",2018 W23,1184,103147212,1.1,1225,1123,1326,-41,61,-142,1.17,1.05,1.28,-0.07,0.05,-0.18
"USA",2018 W24,1224,103138429,1.2,1249,1147,1350,-25,77,-126,1.2,1.09,1.31,0,0.11,-0.11
"USA",2018 W25,1218,103129646,1.2,1256,1154,1358,-38,64,-140,1.2,1.09,1.31,0,0.11,-0.11
"USA",2018 W26,1146,103120864,1.1,1217,1116,1319,-71,30,-173,1.17,1.05,1.28,-0.07,0.05,-0.18
"USA",2018 W27,1292,103112081,1.3,1246,1144,1348,46,148,-56,1.23,1.12,1.35,0.07,0.18,-0.05
"USA",2018 W28,1204,103103298,1.2,1226,1124,1328,-22,80,-124,1.2,1.09,1.31,0,0.11,-0.11
"USA",2018 W29,1194,103094515,1.2,1199,1098,1301,-5,96,-107,1.17,1.05,1.28,0.03,0.15,-0.08
"USA",2018 W30,1249,103085732,1.2,1253,1151,1354,-4,98,-105,1.2,1.09,1.31,0,0.11,-0.11
"USA",2018 W31,1145,103076950,1.1,1171,1070,1273,-26,75,-128,1.13,1.02,1.25,-0.03,0.08,-0.15
"USA",2018 W32,1212,103068167,1.2,1202,1101,1304,10,111,-92,1.17,1.05,1.28,0.03,0.15,-0.08
"USA",2018 W33,1095,103059384,1.1,1144,1043,1246,-49,52,-151,1.13,1.02,1.25,-0.03,0.08,-0.15
"USA",2018 W34,1154,103050601,1.1,1180,1079,1282,-26,75,-128,1.13,1.02,1.25,-0.03,0.08,-0.15
"USA",2018 W35,1183,103041818,1.1,1168,1067,1270,15,116,-87,1.1,0.99,1.21,0,0.11,-0.11
"USA",2018 W36,1192,103033035,1.2,1200,1099,1302,-8,93,-110,1.2,1.09,1.31,0,0.11,-0.11
"USA",2018 W37,1175,103024253,1.1,1175,1073,1277,0,102,-102,1.13,1.02,1.25,-0.03,0.08,-0.15
"USA",2018 W38,1215,103015470,1.2,1226,1125,1328,-11,90,-113,1.2,1.09,1.31,0,0.11,-0.11
"USA",2018 W39,1185,103006687,1.2,1178,1077,1280,7,108,-95,1.17,1.05,1.28,0.03,0.15,-0.08
"USA",2018 W40,1180,102997904,1.1,1172,1070,1273,8,110,-93,1.13,1.02,1.25,-0.03,0.08,-0.15
"USA",2018 W41,1191,102989121,1.2,1157,1056,1259,34,135,-68,1.13,1.02,1.25,0.07,0.18,-0.05
"USA",2018 W42,1179,102980339,1.1,1180,1078,1281,-1,101,-102,1.13,1.02,1.25,-0.03,0.08,-0.15
"USA",2018 W43,1170,102971556,1.1,1177,1075,1278,-7,95,-108,1.13,1.02,1.25,-0.03,0.08,-0.15
"USA",2018 W44,1169,102962773,1.1,1178,1076,1280,-9,93,-111,1.13,1.02,1.25,-0.03,0.08,-0.15
"USA",2018 W45,1175,102953990,1.1,1157,1056,1259,18,119,-84,1.1,0.99,1.21,0,0.11,-0.11
"USA",2018 W46,1129,102945207,1.1,1198,1097,1300,-69,32,-171,1.17,1.05,1.28,-0.07,0.05,-0.18
"USA",2018 W47,1115,102936425,1.1,1149,1047,1251,-34,68,-136,1.13,1.02,1.25,-0.03,0.08,-0.15
"USA",2018 W48,1066,102927642,1,1116,1014,1218,-50,52,-152,1.07,0.95,1.18,-0.07,0.05,-0.18
"USA",2018 W49,1075,102918859,1,1136,1035,1238,-61,40,-163,1.07,0.95,1.18,-0.07,0.05,-0.18
"USA",2018 W50,1126,102910076,1.1,1166,1064,1267,-40,62,-141,1.13,1.02,1.25,-0.03,0.08,-0.15
"USA",2018 W51,1067,102901293,1,1175,1074,1277,-108,-7,-210,1.1,0.99,1.21,-0.1,0.01,-0.21
"USA",2018 W52,1104,102892510,1.1,1159,1058,1261,-55,46,-157,1.13,1.02,1.25,-0.03,0.08,-0.15
"USA",2019 W01,1147,102893986,1.1,1191,1089,1293,-44,58,-146,1.13,1.02,1.24,-0.03,0.08,-0.14
"USA",2019 W02,1109,102918030,1.1,1134,1032,1236,-25,77,-127,1.1,0.98,1.21,0,0.12,-0.11
"USA",2019 W03,1084,102942757,1.1,1132,1030,1234,-48,54,-150,1.13,1.02,1.24,-0.03,0.08,-0.14
"USA",2019 W04,1062,102967485,1,1132,1030,1234,-70,32,-172,1.06,0.95,1.18,-0.06,0.05,-0.18
"USA",2019 W05,1092,102992213,1.1,1129,1027,1231,-37,65,-139,1.1,0.98,1.21,0,0.12,-0.11
"USA",2019 W06,1131,103016940,1.1,1139,1037,1241,-8,94,-110,1.1,0.98,1.21,0,0.12,-0.11
"USA",2019 W07,1080,103041668,1,1114,1012,1216,-34,68,-136,1.06,0.95,1.18,-0.06,0.05,-0.18
"USA",2019 W08,1121,103066396,1.1,1110,1008,1212,11,113,-91,1.06,0.95,1.18,0.04,0.15,-0.08
"USA",2019 W09,1189,103091124,1.2,1152,1050,1254,37,139,-65,1.13,1.02,1.24,0.07,0.18,-0.04
"USA",2019 W10,1101,103115851,1.1,1132,1030,1234,-31,71,-133,1.1,0.98,1.21,0,0.12,-0.11
"USA",2019 W11,1102,103140579,1.1,1112,1010,1214,-10,92,-112,1.06,0.95,1.18,0.04,0.15,-0.08
"USA",2019 W12,1119,103165307,1.1,1172,1070,1274,-53,49,-155,1.16,1.05,1.28,-0.06,0.05,-0.18
"USA",2019 W13,1155,103190034,1.1,1127,1025,1229,28,130,-74,1.1,0.98,1.21,0,0.12,-0.11
"USA",2019 W14,1123,103214762,1.1,1123,1021,1225,0,102,-102,1.1,0.98,1.21,0,0.12,-0.11
"USA",2019 W15,1168,103239490,1.1,1140,1038,1242,28,130,-74,1.1,0.98,1.21,0,0.12,-0.11
"USA",2019 W16,1158,103264217,1.1,1139,1037,1241,19,121,-83,1.1,0.98,1.21,0,0.12,-0.11
"USA",2019 W17,1107,103288945,1.1,1131,1029,1233,-24,78,-126,1.1,0.98,1.21,0,0.12,-0.11
"USA",2019 W18,1156,103313673,1.1,1176,1074,1278,-20,82,-122,1.13,1.02,1.24,-0.03,0.08,-0.14
"USA",2019 W19,1159,103338400,1.1,1181,1079,1283,-22,80,-124,1.13,1.02,1.24,-0.03,0.08,-0.14
"USA",2019 W20,1158,103363128,1.1,1179,1077,1281,-21,81,-123,1.13,1.02,1.24,-0.03,0.08,-0.14
"USA",2019 W21,1171,103387856,1.1,1178,1076,1280,-7,95,-109,1.1,0.98,1.21,0,0.12,-0.11
"USA",2019 W22,1277,103412583,1.2,1227,1125,1329,50,152,-52,1.16,1.05,1.28,0.04,0.15,-0.08
"USA",2019 W23,1186,103437311,1.1,1187,1085,1289,-1,101,-103,1.13,1.02,1.24,-0.03,0.08,-0.14
"USA",2019 W24,1233,103462039,1.2,1211,1109,1313,22,124,-80,1.16,1.05,1.28,0.04,0.15,-0.08
"USA",2019 W25,1176,103486766,1.1,1219,1117,1321,-43,59,-145,1.16,1.05,1.28,-0.06,0.05,-0.18
"USA",2019 W26,1269,103511494,1.2,1180,1078,1282,89,191,-13,1.13,1.02,1.24,0.07,0.18,-0.04
"USA",2019 W27,1238,103536222,1.2,1209,1107,1311,29,131,-73,1.2,1.08,1.31,0,0.12,-0.11
"USA",2019 W28,1194,103560949,1.2,1189,1087,1291,5,107,-97,1.16,1.05,1.28,0.04,0.15,-0.08
"USA",2019 W29,1189,103585677,1.1,1162,1060,1264,27,129,-75,1.13,1.02,1.24,-0.03,0.08,-0.14
"USA",2019 W30,1229,103610405,1.2,1215,1113,1317,14,116,-88,1.16,1.05,1.28,0.04,0.15,-0.08
"USA",2019 W31,1138,103635133,1.1,1134,1032,1236,4,106,-98,1.1,0.98,1.21,0,0.12,-0.11
"USA",2019 W32,1152,103659860,1.1,1165,1063,1267,-13,89,-115,1.13,1.02,1.24,-0.03,0.08,-0.14
"USA",2019 W33,1142,103684588,1.1,1107,1005,1209,35,137,-67,1.1,0.98,1.21,0,0.12,-0.11
"USA",2019 W34,1158,103709316,1.1,1143,1041,1245,15,117,-87,1.1,0.98,1.21,0,0.12,-0.11
"USA",2019 W35,1156,103734043,1.1,1131,1029,1233,25,127,-77,1.06,0.95,1.18,0.04,0.15,-0.08
"USA",2019 W36,1194,103758771,1.2,1163,1061,1265,31,133,-71,1.16,1.05,1.28,0.04,0.15,-0.08
"USA",2019 W37,1140,103783499,1.1,1138,1036,1240,2,104,-100,1.1,0.98,1.21,0,0.12,-0.11
"USA",2019 W38,1218,103808226,1.2,1189,1087,1291,29,131,-73,1.16,1.05,1.28,0.04,0.15,-0.08
"USA",2019 W39,1091,103832954,1.1,1141,1039,1243,-50,52,-152,1.13,1.02,1.24,-0.03,0.08,-0.14
"USA",2019 W40,1124,103857682,1.1,1134,1032,1236,-10,92,-112,1.1,0.98,1.21,0,0.12,-0.11
"USA",2019 W41,1135,103882409,1.1,1120,1018,1222,15,117,-87,1.1,0.98,1.21,0,0.12,-0.11
"USA",2019 W42,1159,103907137,1.1,1142,1040,1244,17,119,-85,1.1,0.98,1.21,0,0.12,-0.11
"USA",2019 W43,1134,103931865,1.1,1139,1037,1241,-5,97,-107,1.1,0.98,1.21,0,0.12,-0.11
"USA",2019 W44,1100,103956592,1.1,1141,1039,1243,-41,61,-143,1.1,0.98,1.21,0,0.12,-0.11
"USA",2019 W45,1130,103981320,1.1,1120,1018,1222,10,112,-92,1.06,0.95,1.18,0.04,0.15,-0.08
"USA",2019 W46,1219,104006048,1.2,1161,1059,1263,58,160,-44,1.13,1.02,1.24,0.07,0.18,-0.04
"USA",2019 W47,1120,104030775,1.1,1112,1010,1214,8,110,-94,1.1,0.98,1.21,0,0.12,-0.11
"USA",2019 W48,1147,104055503,1.1,1079,977,1181,68,170,-34,1.03,0.92,1.14,0.07,0.18,-0.04
"USA",2019 W49,1180,104080231,1.1,1099,997,1201,81,183,-21,1.03,0.92,1.14,0.07,0.18,-0.04
"USA",2019 W50,1157,104104958,1.1,1128,1026,1230,29,131,-73,1.1,0.98,1.21,0,0.12,-0.11
"USA",2019 W51,1179,104129686,1.1,1138,1036,1240,41,143,-61,1.06,0.95,1.18,0.04,0.15,-0.08
"USA",2019 W52,1201,104154414,1.2,1122,1020,1224,79,181,-23,1.1,0.98,1.21,0.1,0.22,-0.01
"USA",2020 W01,1186,104171685,1.1,1153,1050,1256,33,136,-70,1.1,0.98,1.21,0,0.12,-0.11
"USA",2020 W02,1171,104162115,1.1,1096,993,1199,75,178,-28,1.06,0.95,1.18,0.04,0.15,-0.08
"USA",2020 W03,1185,104150308,1.1,1094,991,1197,91,194,-12,1.1,0.98,1.21,0,0.12,-0.11
"USA",2020 W04,1160,104138501,1.1,1095,991,1198,65,169,-38,1.03,0.91,1.14,0.07,0.19,-0.04
"USA",2020 W05,1151,104126694,1.1,1091,988,1194,60,163,-43,1.06,0.95,1.18,0.04,0.15,-0.08
"USA",2020 W06,1234,104114887,1.2,1101,998,1204,133,236,30,1.06,0.95,1.18,0.14,0.25,0.02
"USA",2020 W07,1160,104103080,1.1,1077,973,1180,83,187,-20,1.03,0.91,1.14,0.07,0.19,-0.04
"USA",2020 W08,1092,104091273,1,1072,969,1175,20,123,-83,1.03,0.91,1.14,-0.03,0.09,-0.14
"USA",2020 W09,1191,104079467,1.1,1114,1011,1217,77,180,-26,1.1,0.98,1.21,0,0.12,-0.11
"USA",2020 W10,1121,104067660,1.1,1095,991,1198,26,130,-77,1.06,0.95,1.18,0.04,0.15,-0.08
"USA",2020 W11,1157,104055853,1.1,1075,972,1178,82,185,-21,1.03,0.91,1.14,0.07,0.19,-0.04
"USA",2020 W12,1169,104044046,1.1,1135,1032,1238,34,137,-69,1.13,1.01,1.24,-0.03,0.09,-0.14
"USA",2020 W13,1138,104032239,1.1,1090,987,1193,48,151,-55,1.06,0.95,1.18,0.04,0.15,-0.08
"USA",2020 W14,1118,104020432,1.1,1085,982,1188,33,136,-70,1.06,0.95,1.18,0.04,0.15,-0.08
"USA",2020 W15,1243,104008625,1.2,1103,1000,1206,140,243,37,1.06,0.95,1.18,0.14,0.25,0.02
"USA",2020 W16,1114,103996818,1.1,1102,998,1205,12,116,-91,1.06,0.95,1.18,0.04,0.15,-0.08
"USA",2020 W17,1246,103985011,1.2,1094,991,1197,152,255,49,1.06,0.95,1.18,0.14,0.25,0.02
"USA",2020 W18,1164,103973204,1.1,1139,1035,1242,25,129,-78,1.1,0.98,1.21,0,0.12,-0.11
"USA",2020 W19,1262,103961397,1.2,1143,1040,1246,119,222,16,1.1,0.98,1.21,0.1,0.22,-0.01
"USA",2020 W20,1245,103949590,1.2,1142,1038,1245,103,207,0,1.1,0.98,1.21,0.1,0.22,-0.01
"USA",2020 W21,1245,103937783,1.2,1141,1038,1244,104,207,1,1.06,0.95,1.18,0.14,0.25,0.02
"USA",2020 W22,1239,103925976,1.2,1189,1086,1292,50,153,-53,1.13,1.01,1.24,0.07,0.19,-0.04
"USA",2020 W23,1383,103914169,1.3,1150,1047,1253,233,336,130,1.1,0.98,1.21,0.2,0.32,0.09
"USA",2020 W24,1385,103902362,1.3,1174,1071,1277,211,314,108,1.13,1.01,1.24,0.17,0.29,0.06
"USA",2020 W25,1322,103890555,1.3,1181,1078,1284,141,244,38,1.13,1.01,1.24,0.17,0.29,0.06
"USA",2020 W26,1334,103878748,1.3,1143,1039,1246,191,295,88,1.1,0.98,1.21,0.2,0.32,0.09
"USA",2020 W27,1366,103866941,1.3,1171,1068,1274,195,298,92,1.16,1.05,1.28,0.14,0.25,0.02
"USA",2020 W28,1465,103855134,1.4,1151,1048,1254,314,417,211,1.13,1.01,1.24,0.27,0.39,0.16
"USA",2020 W29,1344,103843327,1.3,1125,1021,1228,219,323,116,1.1,0.98,1.21,0.2,0.32,0.09
"USA",2020 W30,1363,103831520,1.3,1178,1075,1281,185,288,82,1.13,1.01,1.24,0.17,0.29,0.06
"USA",2020 W31,1281,103819713,1.2,1097,993,1200,184,288,81,1.06,0.95,1.18,0.14,0.25,0.02
"USA",2020 W32,1295,103807906,1.2,1128,1024,1231,167,271,64,1.1,0.98,1.21,0.1,0.22,-0.01
"USA",2020 W33,1316,103796099,1.3,1070,966,1173,246,350,143,1.06,0.95,1.18,0.24,0.35,0.12
"USA",2020 W34,1291,103784292,1.2,1106,1002,1209,185,289,82,1.06,0.95,1.18,0.14,0.25,0.02
"USA",2020 W35,1285,103772485,1.2,1094,990,1197,191,295,88,1.03,0.91,1.14,0.17,0.29,0.06
"USA",2020 W36,1271,103760678,1.2,1126,1022,1229,145,249,42,1.13,1.01,1.24,0.07,0.19,-0.04
"USA",2020 W37,1343,103748871,1.3,1100,997,1203,243,346,140,1.06,0.95,1.18,0.24,0.35,0.12
"USA",2020 W38,1304,103737064,1.3,1152,1048,1255,152,256,49,1.13,1.01,1.24,0.17,0.29,0.06
"USA",2020 W39,1218,103725257,1.2,1104,1000,1207,114,218,11,1.1,0.98,1.21,0.1,0.22,-0.01
"USA",2020 W40,1291,103713450,1.2,1097,994,1200,194,297,91,1.06,0.95,1.18,0.14,0.25,0.02
"USA",2020 W41,1279,103701643,1.2,1083,979,1186,196,300,93,1.06,0.95,1.18,0.14,0.25,0.02
"USA",2020 W42,1242,103689836,1.2,1105,1002,1208,137,240,34,1.06,0.95,1.18,0.14,0.25,0.02
"USA",2020 W43,1149,103678029,1.1,1102,999,1205,47,150,-56,1.06,0.95,1.18,0.04,0.15,-0.08
"USA",2020 W44,1202,103666222,1.2,1103,1000,1206,99,202,-4,1.06,0.95,1.18,0.14,0.25,0.02
"USA",2020 W45,1268,103654415,1.2,1083,979,1186,185,289,82,1.03,0.91,1.14,0.17,0.29,0.06
"USA",2020 W46,1287,103642609,1.2,1124,1020,1227,163,267,60,1.1,0.98,1.21,0.1,0.22,-0.01
"USA",2020 W47,1204,103630802,1.2,1074,971,1177,130,233,27,1.06,0.95,1.18,0.14,0.25,0.02
"USA",2020 W48,1201,103618995,1.2,1041,938,1144,160,263,57,1,0.88,1.11,0.2,0.32,0.09
"USA",2020 W49,1197,103607188,1.2,1062,958,1165,135,239,32,1,0.88,1.11,0.2,0.32,0.09
"USA",2020 W50,1184,103595381,1.1,1091,988,1194,93,196,-10,1.06,0.95,1.18,0.04,0.15,-0.08
"USA",2020 W51,1224,103583574,1.2,1101,997,1204,123,227,20,1.03,0.91,1.14,0.17,0.29,0.06
"USA",2020 W52,1182,103571767,1.1,1085,981,1188,97,201,-6,1.06,0.95,1.18,0.04,0.15,-0.08
"USA",2020 W53,1271,103560629,1.2,1116,1011,1221,155,260,50,1.06,0.94,1.18,0.14,0.26,0.02
"USA",2021 W01,1169,103557517,1.1,1059,954,1164,110,215,5,1.03,0.91,1.14,0.07,0.19,-0.04
"USA",2021 W02,1223,103556635,1.2,1057,952,1162,166,271,61,1.06,0.94,1.18,0.14,0.26,0.02
"USA",2021 W03,1246,103555753,1.2,1057,952,1162,189,294,84,0.99,0.88,1.11,0.21,0.32,0.09
"USA",2021 W04,1279,103554871,1.2,1054,949,1159,225,330,120,1.03,0.91,1.14,0.17,0.29,0.06
"USA",2021 W05,1256,103553989,1.2,1064,959,1169,192,297,87,1.03,0.91,1.14,0.17,0.29,0.06
"USA",2021 W06,1167,103553107,1.1,1039,934,1144,128,233,23,0.99,0.88,1.11,0.11,0.22,-0.01
"USA",2021 W07,1182,103552224,1.1,1035,930,1140,147,252,42,0.99,0.88,1.11,0.11,0.22,-0.01
"USA",2021 W08,1268,103551342,1.2,1077,972,1182,191,296,86,1.06,0.94,1.18,0.14,0.26,0.02
"USA",2021 W09,1194,103550460,1.2,1057,952,1162,137,242,32,1.03,0.91,1.14,0.17,0.29,0.06
"USA",2021 W10,1217,103549578,1.2,1037,933,1142,180,284,75,0.99,0.88,1.11,0.21,0.32,0.09
"USA",2021 W11,1250,103548696,1.2,1097,993,1202,153,257,48,1.09,0.98,1.21,0.11,0.22,-0.01
"USA",2021 W12,1320,103547814,1.3,1052,948,1157,268,372,163,1.03,0.91,1.14,0.27,0.39,0.16
"USA",2021 W13,1254,103546932,1.2,1048,943,1153,206,311,101,1.03,0.91,1.14,0.17,0.29,0.06
"USA",2021 W14,1330,103546050,1.3,1065,961,1170,265,369,160,1.03,0.91,1.14,0.27,0.39,0.16
"USA",2021 W15,1260,103545168,1.2,1064,959,1169,196,301,91,1.03,0.91,1.14,0.17,0.29,0.06
"USA",2021 W16,1349,103544286,1.3,1056,952,1161,293,397,188,1.03,0.91,1.14,0.27,0.39,0.16
"USA",2021 W17,1334,103543404,1.3,1101,996,1206,233,338,128,1.06,0.94,1.18,0.24,0.36,0.12
"USA",2021 W18,1329,103542522,1.3,1106,1001,1211,223,328,118,1.06,0.94,1.18,0.24,0.36,0.12
"USA",2021 W19,1338,103541640,1.3,1104,999,1209,234,339,129,1.06,0.94,1.18,0.24,0.36,0.12
"USA",2021 W20,1389,103540757,1.3,1103,999,1208,286,390,181,1.03,0.91,1.14,0.27,0.39,0.16
"USA",2021 W21,1324,103539875,1.3,1152,1047,1257,172,277,67,1.09,0.98,1.21,0.21,0.32,0.09
"USA",2021 W22,1429,103538993,1.4,1112,1008,1217,317,421,212,1.06,0.94,1.18,0.34,0.46,0.22
"USA",2021 W23,1397,103538111,1.3,1136,1032,1241,261,365,156,1.09,0.98,1.21,0.21,0.32,0.09
"USA",2021 W24,1338,103537229,1.3,1144,1039,1249,194,299,89,1.09,0.98,1.21,0.21,0.32,0.09
"USA",2021 W25,1384,103536347,1.3,1105,1000,1210,279,384,174,1.06,0.94,1.18,0.24,0.36,0.12
"USA",2021 W26,1352,103535465,1.3,1134,1029,1239,218,323,113,1.13,1.01,1.24,0.17,0.29,0.06
"USA",2021 W27,1339,103534583,1.3,1114,1009,1219,225,330,120,1.09,0.98,1.21,0.21,0.32,0.09
"USA",2021 W28,1301,103533701,1.3,1087,982,1192,214,319,109,1.06,0.94,1.18,0.24,0.36,0.12
"USA",2021 W29,1366,103532819,1.3,1140,1036,1245,226,330,121,1.09,0.98,1.21,0.21,0.32,0.09
"USA",2021 W30,1355,103531937,1.3,1059,954,1164,296,401,191,1.03,0.91,1.14,0.27,0.39,0.16
"USA",2021 W31,1319,103531055,1.3,1090,985,1195,229,334,124,1.06,0.94,1.18,0.24,0.36,0.12
"USA",2021 W32,1330,103530173,1.3,1032,927,1137,298,403,193,1.03,0.91,1.14,0.27,0.39,0.16
"USA",2021 W33,1393,103529290,1.3,1068,963,1173,325,430,220,1.03,0.91,1.14,0.27,0.39,0.16
"USA",2021 W34,1394,103528408,1.3,1056,951,1161,338,443,233,0.99,0.88,1.11,0.31,0.42,0.19
"USA",2021 W35,1326,103527526,1.3,1088,983,1193,238,343,133,1.09,0.98,1.21,0.21,0.32,0.09
"USA",2021 W36,1456,103526644,1.4,1063,958,1168,393,498,288,1.03,0.91,1.14,0.37,0.49,0.26
"USA",2021 W37,1374,103525762,1.3,1114,1009,1219,260,365,155,1.09,0.98,1.21,0.21,0.32,0.09
"USA",2021 W38,1427,103524880,1.4,1066,961,1171,361,466,256,1.06,0.94,1.18,0.34,0.46,0.22
"USA",2021 W39,1372,103523998,1.3,1059,955,1164,313,417,208,1.03,0.91,1.14,0.27,0.39,0.16
"USA",2021 W40,1361,103523116,1.3,1045,940,1150,316,421,211,1.03,0.91,1.14,0.27,0.39,0.16
"USA",2021 W41,1277,103522234,1.2,1067,963,1172,210,314,105,1.03,0.91,1.14,0.17,0.29,0.06
"USA",2021 W42,1323,103521352,1.3,1064,960,1169,259,363,154,1.03,0.91,1.14,0.27,0.39,0.16
"USA",2021 W43,1345,103520470,1.3,1066,961,1171,279,384,174,1.03,0.91,1.14,0.27,0.39,0.16
"USA",2021 W44,1303,103519588,1.3,1045,940,1150,258,363,153,0.99,0.88,1.11,0.31,0.42,0.19
"USA",2021 W45,1249,103518706,1.2,1086,981,1191,163,268,58,1.06,0.94,1.18,0.14,0.26,0.02
"USA",2021 W46,1283,103517823,1.2,1037,932,1142,246,351,141,1.03,0.91,1.14,0.17,0.29,0.06
"USA",2021 W47,1326,103516941,1.3,1004,899,1109,322,427,217,0.96,0.84,1.08,0.34,0.46,0.22
"USA",2021 W48,1257,103516059,1.2,1024,919,1129,233,338,128,0.96,0.84,1.08,0.24,0.36,0.12
"USA",2021 W49,1331,103515177,1.3,1053,949,1158,278,382,173,1.03,0.91,1.14,0.27,0.39,0.16
"USA",2021 W50,1285,103514295,1.2,1063,958,1168,222,327,117,0.99,0.88,1.11,0.21,0.32,0.09
"USA",2021 W51,1272,103513413,1.2,1047,942,1152,225,330,120,1.03,0.91,1.14,0.17,0.29,0.06
"USA",2021 W52,1323,103512531,1.3,1078,971,1186,245,352,137,1.02,0.91,1.14,0.28,0.39,0.16
"USA",2022 W01,1272,103511649,1.2,1021,914,1129,251,358,143,0.99,0.87,1.11,0.21,0.33,0.09
"USA",2022 W02,1249,103510767,1.2,1019,912,1127,230,337,122,1.02,0.91,1.14,0.18,0.29,0.06
"USA",2022 W03,1227,103509885,1.2,1020,912,1127,207,315,100,0.96,0.84,1.08,0.24,0.36,0.12
"USA",2022 W04,1211,103509003,1.2,1016,909,1124,195,302,87,0.99,0.87,1.11,0.21,0.33,0.09
"USA",2022 W05,1255,103508121,1.2,1026,919,1134,229,336,121,0.99,0.87,1.11,0.21,0.33,0.09
"USA",2022 W06,1223,103507239,1.2,1002,894,1109,221,329,114,0.96,0.84,1.08,0.24,0.36,0.12
"USA",2022 W07,1241,103506357,1.2,997,890,1105,244,351,136,0.96,0.84,1.08,0.24,0.36,0.12
"USA",2022 W08,1286,103505475,1.2,1039,932,1147,247,354,139,1.02,0.91,1.14,0.18,0.29,0.06
"USA",2022 W09,1221,103504593,1.2,1020,912,1127,201,309,94,0.99,0.87,1.11,0.21,0.33,0.09
"USA",2022 W10,1194,103503711,1.2,1000,893,1107,194,301,87,0.96,0.84,1.08,0.24,0.36,0.12
"USA",2022 W11,1302,103502829,1.3,1060,953,1167,242,349,135,1.06,0.94,1.18,0.24,0.36,0.12
"USA",2022 W12,1236,103501947,1.2,1015,908,1122,221,328,114,0.99,0.87,1.11,0.21,0.33,0.09
"USA",2022 W13,1152,103501065,1.1,1010,903,1118,142,249,34,0.99,0.87,1.11,0.11,0.23,-0.01
"USA",2022 W14,1136,103500182,1.1,1028,921,1135,108,215,1,0.99,0.87,1.11,0.11,0.23,-0.01
"USA",2022 W15,1212,103499300,1.2,1027,919,1134,185,293,78,0.99,0.87,1.11,0.21,0.33,0.09
"USA",2022 W16,1251,103498418,1.2,1019,912,1126,232,339,125,0.99,0.87,1.11,0.21,0.33,0.09
"USA",2022 W17,1251,103497536,1.2,1064,956,1171,187,295,80,1.02,0.91,1.14,0.18,0.29,0.06
"USA",2022 W18,1277,103496654,1.2,1068,961,1176,209,316,101,1.02,0.91,1.14,0.18,0.29,0.06
"USA",2022 W19,1300,103495772,1.3,1067,959,1174,233,341,126,1.02,0.91,1.14,0.28,0.39,0.16
"USA",2022 W20,1308,103494890,1.3,1066,959,1173,242,349,135,0.99,0.87,1.11,0.31,0.43,0.19
"USA",2022 W21,1264,103494008,1.2,1114,1007,1222,150,257,42,1.06,0.94,1.18,0.14,0.26,0.02
"USA",2022 W22,1374,103493126,1.3,1075,968,1182,299,406,192,1.02,0.91,1.14,0.28,0.39,0.16
"USA",2022 W23,1324,103492244,1.3,1099,992,1206,225,332,118,1.06,0.94,1.18,0.24,0.36,0.12
"USA",2022 W24,1358,103491362,1.3,1106,999,1214,252,359,144,1.06,0.94,1.18,0.24,0.36,0.12
"USA",2022 W25,1379,103490480,1.3,1068,960,1175,311,419,204,1.02,0.91,1.14,0.28,0.39,0.16
"USA",2022 W26,1353,103489598,1.3,1096,989,1204,257,364,149,1.09,0.97,1.21,0.21,0.33,0.09
"USA",2022 W27,1365,103488716,1.3,1076,969,1184,289,396,181,1.06,0.94,1.18,0.24,0.36,0.12
"USA",2022 W28,1370,103487834,1.3,1050,942,1157,320,428,213,1.02,0.91,1.14,0.28,0.39,0.16
"USA",2022 W29,1321,103486952,1.3,1103,996,1210,218,325,111,1.06,0.94,1.18,0.24,0.36,0.12
"USA",2022 W30,1352,103486070,1.3,1022,914,1129,330,438,223,0.99,0.87,1.11,0.31,0.43,0.19
"USA",2022 W31,1373,103485188,1.3,1053,945,1160,320,428,213,1.02,0.91,1.14,0.28,0.39,0.16
"USA",2022 W32,1309,103484306,1.3,995,887,1102,314,422,207,0.99,0.87,1.11,0.31,0.43,0.19
"USA",2022 W33,1253,103483424,1.2,1031,923,1138,222,330,115,0.99,0.87,1.11,0.21,0.33,0.09
"USA",2022 W34,1270,103482542,1.2,1019,911,1126,251,359,144,0.96,0.84,1.08,0.24,0.36,0.12
"USA",2022 W35,1245,103481660,1.2,1051,943,1158,194,302,87,1.06,0.94,1.18,0.14,0.26,0.02
"USA",2022 W36,1261,103480778,1.2,1025,918,1133,236,343,128,0.99,0.87,1.11,0.21,0.33,0.09
"USA",2022 W37,1292,103479896,1.2,1077,969,1184,215,323,108,1.06,0.94,1.18,0.14,0.26,0.02
"USA",2022 W38,1251,103479014,1.2,1029,921,1136,222,330,115,1.02,0.91,1.14,0.18,0.29,0.06
"USA",2022 W39,1271,103478132,1.2,1022,915,1129,249,356,142,0.99,0.87,1.11,0.21,0.33,0.09
"USA",2022 W40,1208,103477249,1.2,1008,900,1115,200,308,93,0.99,0.87,1.11,0.21,0.33,0.09
"USA",2022 W41,1297,103476367,1.3,1030,923,1137,267,374,160,0.99,0.87,1.11,0.31,0.43,0.19
"USA",2022 W42,1311,103475485,1.3,1027,920,1134,284,391,177,0.99,0.87,1.11,0.31,0.43,0.19
"USA",2022 W43,1282,103474603,1.2,1028,921,1136,254,361,146,0.99,0.87,1.11,0.21,0.33,0.09
"USA",2022 W44,1348,103473721,1.3,1008,900,1115,340,448,233,0.96,0.84,1.08,0.34,0.46,0.22
"USA",2022 W45,1298,103472839,1.3,1049,941,1156,249,357,142,1.02,0.91,1.14,0.28,0.39,0.16
"USA",2022 W46,1245,103471957,1.2,999,892,1107,246,353,138,0.99,0.87,1.11,0.21,0.33,0.09
"USA",2022 W47,1266,103471075,1.2,966,859,1074,300,407,192,0.92,0.81,1.04,0.28,0.39,0.16
"USA",2022 W48,1286,103470193,1.2,987,879,1094,299,407,192,0.92,0.81,1.04,0.28,0.39,0.16
"USA",2022 W49,1227,103469311,1.2,1016,909,1123,211,318,104,0.99,0.87,1.11,0.21,0.33,0.09
"USA",2022 W50,1276,103468429,1.2,1026,918,1133,250,358,143,0.96,0.84,1.08,0.24,0.36,0.12
"USA",2022 W51,1266,103467547,1.2,1010,902,1117,256,364,149,0.99,0.87,1.11,0.21,0.33,0.09
"USA",2022 W52,1278,103466665,1.2,1041,931,1151,237,347,127,0.99,0.87,1.11,0.21,0.33,0.09
"USA",2023 W01,1243,103465783,1.2,984,874,1094,259,369,149,0.96,0.83,1.08,0.24,0.37,0.12
"USA",2023 W02,1234,103464901,1.2,982,872,1092,252,362,142,0.99,0.87,1.11,0.21,0.33,0.09
"USA",2023 W03,1251,103464019,1.2,982,872,1093,269,379,158,0.92,0.8,1.04,0.28,0.4,0.16
"USA",2023 W04,1150,103463137,1.1,979,869,1089,171,281,61,0.96,0.83,1.08,0.14,0.27,0.02
"USA",2023 W05,1199,103462255,1.2,989,879,1099,210,320,100,0.96,0.83,1.08,0.24,0.37,0.12
"USA",2023 W06,1226,103461373,1.2,964,854,1075,262,372,151,0.92,0.8,1.04,0.28,0.4,0.16
"USA",2023 W07,1199,103460490,1.2,960,850,1070,239,349,129,0.92,0.8,1.04,0.28,0.4,0.16
"USA",2023 W08,1195,103459608,1.2,1002,892,1112,193,303,83,0.99,0.87,1.11,0.21,0.33,0.09
"USA",2023 W09,1229,103458726,1.2,982,872,1093,247,357,136,0.96,0.83,1.08,0.24,0.37,0.12
"USA",2023 W10,1192,103457844,1.2,963,852,1073,229,340,119,0.92,0.8,1.04,0.28,0.4,0.16
"USA",2023 W11,1209,103456962,1.2,1023,912,1133,186,297,76,1.02,0.9,1.14,0.18,0.3,0.06
"USA",2023 W12,1242,103456080,1.2,978,867,1088,264,375,154,0.96,0.83,1.08,0.24,0.37,0.12
"USA",2023 W13,1201,103455198,1.2,973,863,1083,228,338,118,0.96,0.83,1.08,0.24,0.37,0.12
"USA",2023 W14,1215,103454316,1.2,991,880,1101,224,335,114,0.96,0.83,1.08,0.24,0.37,0.12
"USA",2023 W15,1238,103453434,1.2,989,879,1100,249,359,138,0.96,0.83,1.08,0.24,0.37,0.12
"USA",2023 W16,1242,103452552,1.2,982,871,1092,260,371,150,0.96,0.83,1.08,0.24,0.37,0.12
"USA",2023 W17,1202,103451670,1.2,1026,916,1137,176,286,65,0.99,0.87,1.11,0.21,0.33,0.09
"USA",2023 W18,1256,103450788,1.2,1031,921,1141,225,335,115,0.99,0.87,1.11,0.21,0.33,0.09
"USA",2023 W19,1288,103449906,1.2,1029,919,1140,259,369,148,0.99,0.87,1.11,0.21,0.33,0.09
"USA",2023 W20,1156,103449023,1.1,1029,918,1139,127,238,17,0.96,0.83,1.08,0.14,0.27,0.02
"USA",2023 W21,1151,103448141,1.1,1077,967,1187,74,184,-36,1.02,0.9,1.14,0.08,0.2,-0.04
"USA",2023 W22,1231,103447259,1.2,1038,927,1148,193,304,83,0.99,0.87,1.11,0.21,0.33,0.09
"USA",2023 W23,1169,103446377,1.1,1062,951,1172,107,218,-3,1.02,0.9,1.14,0.08,0.2,-0.04
"USA",2023 W24,1135,103445495,1.1,1069,959,1179,66,176,-44,1.02,0.9,1.14,0.08,0.2,-0.04
"USA",2023 W25,1075,103444613,1,1030,920,1141,45,155,-66,0.99,0.87,1.11,0.01,0.13,-0.11
"USA",2023 W26,977,103443731,0.9,1059,949,1169,-82,28,-192,1.06,0.93,1.18,-0.16,-0.03,-0.28
"USA",2023 W27,761,103442849,0.7,1039,929,1149,-278,-168,-388,1.02,0.9,1.14,-0.32,-0.2,-0.44
"USA",2023 W28,529,103441967,0.5,1012,902,1123,-483,-373,-594,0.99,0.87,1.11,-0.49,-0.37,-0.61
"USA-AZ",2017 W01,31,2309308,1.3,32,19,45,-1,12,-14,1.37,0.82,1.92,-0.07,0.48,-0.62
"USA-AZ",2017 W02,20,2309499,0.9,27,15,40,-7,5,-20,1.2,0.65,1.75,-0.3,0.25,-0.85
"USA-AZ",2017 W03,22,2309690,1,30,17,42,-8,5,-20,1.3,0.75,1.85,-0.3,0.25,-0.85
"USA-AZ",2017 W04,34,2309881,1.5,32,20,45,2,14,-11,1.4,0.85,1.95,0.1,0.65,-0.45
"USA-AZ",2017 W05,24,2310072,1,26,13,39,-2,11,-15,1.1,0.55,1.65,-0.1,0.45,-0.65
"USA-AZ",2017 W06,22,2310263,1,26,13,39,-4,9,-17,1.13,0.59,1.68,-0.13,0.41,-0.68
"USA-AZ",2017 W07,23,2310454,1,25,13,38,-2,10,-15,1.1,0.55,1.65,-0.1,0.45,-0.65
"USA-AZ",2017 W08,24,2310645,1,27,14,39,-3,10,-15,1.1,0.55,1.65,-0.1,0.45,-0.65
"USA-AZ",2017 W09,28,2310835,1.2,31,18,43,-3,10,-15,1.3,0.75,1.85,-0.1,0.45,-0.65
"USA-AZ",2017 W10,30,2311026,1.3,25,12,38,5,18,-8,1.07,0.52,1.62,0.23,0.78,-0.32
"USA-AZ",2017 W11,23,2311217,1,26,14,39,-3,9,-16,1.1,0.55,1.65,-0.1,0.45,-0.65
"USA-AZ",2017 W12,32,2311408,1.4,35,22,47,-3,10,-15,1.5,0.95,2.05,-0.1,0.45,-0.65
"USA-AZ",2017 W13,27,2311599,1.2,25,12,37,2,15,-10,1.07,0.52,1.62,0.13,0.68,-0.42
"USA-AZ",2017 W14,32,2311790,1.4,30,17,42,2,15,-10,1.27,0.72,1.82,0.13,0.68,-0.42
"USA-AZ",2017 W15,29,2311981,1.3,28,15,41,1,14,-12,1.23,0.69,1.78,0.07,0.61,-0.48
"USA-AZ",2017 W16,31,2312172,1.3,25,13,38,6,18,-7,1.07,0.52,1.62,0.23,0.78,-0.32
"USA-AZ",2017 W17,29,2312363,1.3,26,13,38,3,16,-9,1.1,0.55,1.65,0.2,0.75,-0.35
"USA-AZ",2017 W18,28,2312554,1.2,28,16,41,0,12,-13,1.23,0.69,1.78,-0.03,0.51,-0.58
"USA-AZ",2017 W19,30,2312745,1.3,31,18,43,-1,12,-13,1.33,0.79,1.88,-0.03,0.51,-0.58
"USA-AZ",2017 W20,45,2312936,1.9,35,22,48,10,23,-3,1.5,0.95,2.05,0.4,0.95,-0.15
"USA-AZ",2017 W21,30,2313126,1.3,34,22,47,-4,8,-17,1.47,0.92,2.02,-0.17,0.38,-0.72
"USA-AZ",2017 W22,28,2313317,1.2,29,16,42,-1,12,-14,1.23,0.69,1.78,-0.03,0.51,-0.58
"USA-AZ",2017 W23,21,2313508,0.9,23,10,35,-2,11,-14,0.97,0.42,1.52,-0.07,0.48,-0.62
"USA-AZ",2017 W24,34,2313699,1.5,29,17,42,5,17,-8,1.27,0.72,1.82,0.23,0.78,-0.32
"USA-AZ",2017 W25,29,2313890,1.3,29,16,41,0,13,-12,1.23,0.69,1.78,0.07,0.61,-0.48
"USA-AZ",2017 W26,23,2314081,1,29,17,42,-6,6,-19,1.27,0.72,1.82,-0.27,0.28,-0.82
"USA-AZ",2017 W27,17,2314272,0.7,25,12,38,-8,5,-21,1.07,0.52,1.62,-0.37,0.18,-0.92
"USA-AZ",2017 W28,25,2314463,1.1,28,15,41,-3,10,-16,1.2,0.65,1.75,-0.1,0.45,-0.65
"USA-AZ",2017 W29,43,2314654,1.9,35,22,47,8,21,-4,1.5,0.95,2.05,0.4,0.95,-0.15
"USA-AZ",2017 W30,33,2314845,1.4,29,17,42,4,16,-9,1.23,0.69,1.78,0.17,0.71,-0.38
"USA-AZ",2017 W31,19,2315036,0.8,28,15,40,-9,4,-21,1.2,0.65,1.75,-0.4,0.15,-0.95
"USA-AZ",2017 W32,26,2315227,1.1,27,14,40,-1,12,-14,1.13,0.59,1.68,-0.03,0.51,-0.58
"USA-AZ",2017 W33,18,2315417,0.8,24,11,37,-6,7,-19,1.03,0.49,1.58,-0.23,0.31,-0.78
"USA-AZ",2017 W34,26,2315608,1.1,30,17,43,-4,9,-17,1.3,0.75,1.85,-0.2,0.35,-0.75
"USA-AZ",2017 W35,23,2315799,1,28,15,41,-5,8,-18,1.2,0.65,1.75,-0.2,0.35,-0.75
"USA-AZ",2017 W36,28,2315990,1.2,34,21,47,-6,7,-19,1.47,0.92,2.02,-0.27,0.28,-0.82
"USA-AZ",2017 W37,29,2316181,1.3,32,20,45,-3,9,-16,1.4,0.85,1.95,-0.1,0.45,-0.65
"USA-AZ",2017 W38,42,2316372,1.8,33,20,45,9,22,-3,1.4,0.85,1.95,0.4,0.95,-0.15
"USA-AZ",2017 W39,24,2316563,1,25,12,37,-1,12,-13,1.03,0.49,1.58,-0.03,0.51,-0.58
"USA-AZ",2017 W40,33,2316754,1.4,31,19,44,2,14,-11,1.33,0.79,1.88,0.07,0.61,-0.48
"USA-AZ",2017 W41,19,2316945,0.8,24,12,37,-5,7,-18,1.03,0.49,1.58,-0.23,0.31,-0.78
"USA-AZ",2017 W42,24,2317136,1,29,16,41,-5,8,-17,1.23,0.69,1.78,-0.23,0.31,-0.78
"USA-AZ",2017 W43,39,2317327,1.7,27,14,39,12,25,0,1.13,0.59,1.68,0.57,1.11,0.02
"USA-AZ",2017 W44,39,2317518,1.7,32,19,44,7,20,-5,1.37,0.82,1.92,0.33,0.88,-0.22
"USA-AZ",2017 W45,30,2317708,1.3,26,13,39,4,17,-9,1.13,0.59,1.68,0.17,0.71,-0.38
"USA-AZ",2017 W46,26,2317899,1.1,30,18,43,-4,8,-17,1.3,0.75,1.85,-0.2,0.35,-0.75
"USA-AZ",2017 W47,26,2318090,1.1,27,14,40,-1,12,-14,1.17,0.62,1.72,-0.07,0.48,-0.62
"USA-AZ",2017 W48,34,2318281,1.5,28,15,41,6,19,-7,1.23,0.69,1.78,0.27,0.81,-0.28
"USA-AZ",2017 W49,19,2318472,0.8,27,14,40,-8,5,-21,1.13,0.59,1.68,-0.33,0.21,-0.88
"USA-AZ",2017 W50,28,2318663,1.2,29,16,41,-1,12,-13,1.23,0.69,1.78,-0.03,0.51,-0.58
"USA-AZ",2017 W51,31,2318854,1.3,31,19,44,0,12,-13,1.33,0.79,1.88,-0.03,0.51,-0.58
"USA-AZ",2017 W52,23,2319045,1,30,17,42,-7,6,-19,1.27,0.72,1.82,-0.27,0.28,-0.82
"USA-AZ",2018 W01,34,2319248,1.5,33,20,45,1,14,-11,1.4,0.85,1.95,0.1,0.65,-0.45
"USA-AZ",2018 W02,29,2319467,1.3,28,15,41,1,14,-12,1.23,0.69,1.78,0.07,0.61,-0.48
"USA-AZ",2018 W03,34,2319686,1.5,30,18,43,4,16,-9,1.33,0.79,1.88,0.17,0.71,-0.38
"USA-AZ",2018 W04,40,2319905,1.7,33,20,46,7,20,-6,1.43,0.89,1.98,0.27,0.81,-0.28
"USA-AZ",2018 W05,26,2320125,1.1,27,14,39,-1,12,-13,1.13,0.59,1.68,-0.03,0.51,-0.58
"USA-AZ",2018 W06,33,2320344,1.4,27,14,39,6,19,-6,1.17,0.62,1.71,0.23,0.78,-0.31
"USA-AZ",2018 W07,27,2320563,1.2,26,13,39,1,14,-12,1.13,0.59,1.68,0.07,0.61,-0.48
"USA-AZ",2018 W08,29,2320782,1.2,27,15,40,2,14,-11,1.13,0.59,1.68,0.07,0.61,-0.48
"USA-AZ",2018 W09,29,2321001,1.2,31,19,44,-2,10,-15,1.33,0.79,1.88,-0.13,0.41,-0.68
"USA-AZ",2018 W10,24,2321221,1,26,13,38,-2,11,-14,1.1,0.55,1.65,-0.1,0.45,-0.65
"USA-AZ",2018 W11,29,2321440,1.2,27,14,40,2,15,-11,1.13,0.59,1.68,0.07,0.61,-0.48
"USA-AZ",2018 W12,37,2321659,1.6,35,23,48,2,14,-11,1.53,0.99,2.08,0.07,0.61,-0.48
"USA-AZ",2018 W13,30,2321878,1.3,25,13,38,5,17,-8,1.1,0.55,1.65,0.2,0.75,-0.35
"USA-AZ",2018 W14,33,2322097,1.4,30,18,43,3,15,-10,1.3,0.75,1.85,0.1,0.65,-0.45
"USA-AZ",2018 W15,28,2322317,1.2,29,16,41,-1,12,-13,1.27,0.72,1.81,-0.07,0.48,-0.61
"USA-AZ",2018 W16,22,2322536,0.9,26,13,39,-4,9,-17,1.1,0.55,1.65,-0.2,0.35,-0.75
"USA-AZ",2018 W17,31,2322755,1.3,26,14,39,5,17,-8,1.13,0.59,1.68,0.17,0.71,-0.38
"USA-AZ",2018 W18,30,2322974,1.3,29,16,42,1,14,-12,1.27,0.72,1.81,0.03,0.58,-0.51
"USA-AZ",2018 W19,30,2323193,1.3,31,19,44,-1,11,-14,1.37,0.82,1.91,-0.07,0.48,-0.61
"USA-AZ",2018 W20,28,2323412,1.2,36,23,48,-8,5,-20,1.53,0.99,2.08,-0.33,0.21,-0.88
"USA-AZ",2018 W21,33,2323632,1.4,35,22,48,-2,11,-15,1.5,0.95,2.05,-0.1,0.45,-0.65
"USA-AZ",2018 W22,30,2323851,1.3,30,17,42,0,13,-12,1.27,0.72,1.81,0.03,0.58,-0.51
"USA-AZ",2018 W23,24,2324070,1,23,11,36,1,13,-12,1,0.45,1.55,0,0.55,-0.55
"USA-AZ",2018 W24,29,2324289,1.2,30,17,43,-1,12,-14,1.3,0.75,1.85,-0.1,0.45,-0.65
"USA-AZ",2018 W25,31,2324508,1.3,29,17,42,2,14,-11,1.27,0.72,1.81,0.03,0.58,-0.51
"USA-AZ",2018 W26,32,2324728,1.4,30,17,43,2,15,-11,1.3,0.75,1.85,0.1,0.65,-0.45
"USA-AZ",2018 W27,30,2324947,1.3,26,13,38,4,17,-8,1.1,0.55,1.65,0.2,0.75,-0.35
"USA-AZ",2018 W28,28,2325166,1.2,29,16,41,-1,12,-13,1.23,0.69,1.78,-0.03,0.51,-0.58
"USA-AZ",2018 W29,32,2325385,1.4,35,23,48,-3,9,-16,1.53,0.99,2.08,-0.13,0.41,-0.68
"USA-AZ",2018 W30,36,2325604,1.5,30,17,43,6,19,-7,1.27,0.72,1.81,0.23,0.78,-0.31
"USA-AZ",2018 W31,27,2325824,1.2,28,16,41,-1,11,-14,1.23,0.69,1.78,-0.03,0.51,-0.58
"USA-AZ",2018 W32,33,2326043,1.4,28,15,40,5,18,-7,1.17,0.62,1.71,0.23,0.78,-0.31
"USA-AZ",2018 W33,28,2326262,1.2,25,12,37,3,16,-9,1.07,0.52,1.61,0.13,0.68,-0.41
"USA-AZ",2018 W34,32,2326481,1.4,31,18,43,1,14,-11,1.33,0.79,1.88,0.07,0.61,-0.48
"USA-AZ",2018 W35,36,2326700,1.5,29,16,41,7,20,-5,1.23,0.69,1.78,0.27,0.81,-0.28
"USA-AZ",2018 W36,42,2326919,1.8,35,22,47,7,20,-5,1.5,0.95,2.05,0.3,0.85,-0.25
"USA-AZ",2018 W37,42,2327139,1.8,33,20,46,9,22,-4,1.43,0.89,1.98,0.37,0.91,-0.18
"USA-AZ",2018 W38,33,2327358,1.4,33,21,46,0,12,-13,1.43,0.89,1.98,-0.03,0.51,-0.58
"USA-AZ",2018 W39,31,2327577,1.3,25,13,38,6,18,-7,1.07,0.52,1.61,0.23,0.78,-0.31
"USA-AZ",2018 W40,28,2327796,1.2,32,19,45,-4,9,-17,1.37,0.82,1.91,-0.17,0.38,-0.71
"USA-AZ",2018 W41,31,2328015,1.3,25,12,38,6,19,-7,1.07,0.52,1.61,0.23,0.78,-0.31
"USA-AZ",2018 W42,32,2328235,1.4,29,17,42,3,15,-10,1.27,0.72,1.81,0.13,0.68,-0.41
"USA-AZ",2018 W43,26,2328454,1.1,27,15,40,-1,11,-14,1.17,0.62,1.71,-0.07,0.48,-0.61
"USA-AZ",2018 W44,32,2328673,1.4,32,20,45,0,12,-13,1.4,0.85,1.95,0,0.55,-0.55
"USA-AZ",2018 W45,28,2328892,1.2,27,14,39,1,14,-11,1.17,0.62,1.71,0.03,0.58,-0.51
"USA-AZ",2018 W46,32,2329111,1.4,31,18,44,1,14,-12,1.33,0.79,1.88,0.07,0.61,-0.48
"USA-AZ",2018 W47,23,2329331,1,28,15,40,-5,8,-17,1.2,0.65,1.75,-0.2,0.35,-0.75
"USA-AZ",2018 W48,21,2329550,0.9,29,16,41,-8,5,-20,1.27,0.72,1.81,-0.37,0.18,-0.91
"USA-AZ",2018 W49,31,2329769,1.3,28,15,40,3,16,-9,1.17,0.62,1.71,0.13,0.68,-0.41
"USA-AZ",2018 W50,31,2329988,1.3,29,17,42,2,14,-11,1.27,0.72,1.81,0.03,0.58,-0.51
"USA-AZ",2018 W51,32,2330207,1.4,32,19,45,0,13,-13,1.37,0.82,1.91,0.03,0.58,-0.51
"USA-AZ",2018 W52,33,2330426,1.4,30,18,43,3,15,-10,1.3,0.75,1.85,0.1,0.65,-0.45
"USA-AZ",2019 W01,33,2330324,1.4,33,21,46,0,12,-13,1.43,0.88,1.98,-0.03,0.52,-0.58
"USA-AZ",2019 W02,35,2329516,1.5,29,16,41,6,19,-6,1.27,0.72,1.81,0.23,0.78,-0.31
"USA-AZ",2019 W03,35,2328685,1.5,31,18,44,4,17,-9,1.37,0.82,1.91,0.13,0.68,-0.41
"USA-AZ",2019 W04,25,2327855,1.1,34,21,46,-9,4,-21,1.47,0.92,2.01,-0.37,0.18,-0.91
"USA-AZ",2019 W05,30,2327025,1.3,27,15,40,3,15,-10,1.17,0.62,1.71,0.13,0.68,-0.41
"USA-AZ",2019 W06,25,2326194,1.1,27,15,40,-2,10,-15,1.2,0.65,1.75,-0.1,0.45,-0.65
"USA-AZ",2019 W07,28,2325364,1.2,27,14,39,1,14,-11,1.17,0.62,1.71,0.03,0.58,-0.51
"USA-AZ",2019 W08,29,2324534,1.2,28,15,41,1,14,-12,1.17,0.62,1.71,0.03,0.58,-0.51
"USA-AZ",2019 W09,37,2323704,1.6,32,19,45,5,18,-8,1.37,0.82,1.91,0.23,0.78,-0.31
"USA-AZ",2019 W10,23,2322873,1,26,14,39,-3,9,-16,1.13,0.58,1.68,-0.13,0.42,-0.68
"USA-AZ",2019 W11,29,2322043,1.2,28,15,40,1,14,-11,1.17,0.62,1.71,0.03,0.58,-0.51
"USA-AZ",2019 W12,37,2321213,1.6,36,23,49,1,14,-12,1.57,1.02,2.11,0.03,0.58,-0.51
"USA-AZ",2019 W13,19,2320383,0.8,26,13,39,-7,6,-20,1.13,0.58,1.68,-0.33,0.22,-0.88
"USA-AZ",2019 W14,26,2319552,1.1,31,18,44,-5,8,-18,1.33,0.78,1.88,-0.23,0.32,-0.78
"USA-AZ",2019 W15,29,2318722,1.3,29,17,42,0,12,-13,1.3,0.75,1.85,0,0.55,-0.55
"USA-AZ",2019 W16,25,2317892,1.1,27,14,39,-2,11,-14,1.13,0.58,1.68,-0.03,0.52,-0.58
"USA-AZ",2019 W17,19,2317062,0.8,27,14,40,-8,5,-21,1.17,0.62,1.71,-0.37,0.18,-0.91
"USA-AZ",2019 W18,29,2316231,1.3,30,17,42,-1,12,-13,1.3,0.75,1.85,0,0.55,-0.55
"USA-AZ",2019 W19,34,2315401,1.5,32,19,45,2,15,-11,1.4,0.85,1.95,0.1,0.65,-0.45
"USA-AZ",2019 W20,34,2314571,1.5,36,24,49,-2,10,-15,1.57,1.02,2.11,-0.07,0.48,-0.61
"USA-AZ",2019 W21,42,2313741,1.8,36,23,48,6,19,-6,1.53,0.98,2.08,0.27,0.82,-0.28
"USA-AZ",2019 W22,31,2312910,1.3,30,18,43,1,13,-12,1.3,0.75,1.85,0,0.55,-0.55
"USA-AZ",2019 W23,25,2312080,1.1,24,11,37,1,14,-12,1.03,0.48,1.58,0.07,0.62,-0.48
"USA-AZ",2019 W24,27,2311250,1.2,31,18,43,-4,9,-16,1.33,0.78,1.88,-0.13,0.42,-0.68
"USA-AZ",2019 W25,28,2310420,1.2,30,17,43,-2,11,-15,1.3,0.75,1.85,-0.1,0.45,-0.65
"USA-AZ",2019 W26,35,2309589,1.5,31,18,43,4,17,-8,1.33,0.78,1.88,0.17,0.72,-0.38
"USA-AZ",2019 W27,30,2308759,1.3,26,14,39,4,16,-9,1.13,0.58,1.68,0.17,0.72,-0.38
"USA-AZ",2019 W28,33,2307929,1.4,29,17,42,4,16,-9,1.27,0.72,1.81,0.13,0.68,-0.41
"USA-AZ",2019 W29,31,2307099,1.3,36,23,49,-5,8,-18,1.57,1.02,2.11,-0.27,0.28,-0.81
"USA-AZ",2019 W30,21,2306268,0.9,31,18,43,-10,3,-22,1.3,0.75,1.85,-0.4,0.15,-0.95
"USA-AZ",2019 W31,39,2305438,1.7,29,16,42,10,23,-3,1.27,0.72,1.81,0.43,0.98,-0.11
"USA-AZ",2019 W32,24,2304608,1,28,16,41,-4,8,-17,1.2,0.65,1.75,-0.2,0.35,-0.75
"USA-AZ",2019 W33,28,2303778,1.2,25,13,38,3,15,-10,1.1,0.55,1.65,0.1,0.65,-0.45
"USA-AZ",2019 W34,34,2302947,1.5,31,19,44,3,15,-10,1.37,0.82,1.91,0.13,0.68,-0.41
"USA-AZ",2019 W35,27,2302117,1.2,29,17,42,-2,10,-15,1.27,0.72,1.81,-0.07,0.48,-0.61
"USA-AZ",2019 W36,34,2301287,1.5,35,23,48,-1,11,-14,1.53,0.98,2.08,-0.03,0.52,-0.58
"USA-AZ",2019 W37,28,2300457,1.2,34,21,46,-6,7,-18,1.47,0.92,2.01,-0.27,0.28,-0.81
"USA-AZ",2019 W38,25,2299626,1.1,34,21,47,-9,4,-22,1.47,0.92,2.01,-0.37,0.18,-0.91
"USA-AZ",2019 W39,21,2298796,0.9,26,13,39,-5,8,-18,1.1,0.55,1.65,-0.2,0.35,-0.75
"USA-AZ",2019 W40,35,2297966,1.5,33,20,45,2,15,-10,1.4,0.85,1.95,0.1,0.65,-0.45
"USA-AZ",2019 W41,25,2297135,1.1,26,13,38,-1,12,-13,1.1,0.55,1.65,0,0.55,-0.55
"USA-AZ",2019 W42,32,2296305,1.4,30,17,43,2,15,-11,1.3,0.75,1.85,0.1,0.65,-0.45
"USA-AZ",2019 W43,17,2295475,0.7,28,15,41,-11,2,-24,1.2,0.65,1.75,-0.5,0.05,-1.05
"USA-AZ",2019 W44,26,2294645,1.1,33,20,46,-7,6,-20,1.43,0.88,1.98,-0.33,0.22,-0.88
"USA-AZ",2019 W45,22,2293814,1,27,15,40,-5,7,-18,1.2,0.65,1.75,-0.2,0.35,-0.75
"USA-AZ",2019 W46,35,2292984,1.5,32,19,44,3,16,-9,1.37,0.82,1.91,0.13,0.68,-0.41
"USA-AZ",2019 W47,34,2292154,1.5,28,16,41,6,18,-7,1.23,0.68,1.78,0.27,0.82,-0.28
"USA-AZ",2019 W48,31,2291324,1.4,29,17,42,2,14,-11,1.3,0.75,1.85,0.1,0.65,-0.45
"USA-AZ",2019 W49,33,2290493,1.4,28,16,41,5,17,-8,1.2,0.65,1.75,0.2,0.75,-0.35
"USA-AZ",2019 W50,29,2289663,1.3,30,17,43,-1,12,-14,1.3,0.75,1.85,0,0.55,-0.55
"USA-AZ",2019 W51,33,2288833,1.4,33,20,45,0,13,-12,1.4,0.85,1.95,0,0.55,-0.55
"USA-AZ",2019 W52,35,2288003,1.5,31,18,44,4,17,-9,1.33,0.78,1.88,0.17,0.72,-0.38
"USA-AZ",2020 W01,25,2287333,1.1,34,21,47,-9,4,-22,1.47,0.91,2.02,-0.37,0.19,-0.92
"USA-AZ",2020 W02,27,2287240,1.2,29,17,42,-2,10,-15,1.3,0.74,1.85,-0.1,0.46,-0.65
"USA-AZ",2020 W03,32,2287195,1.4,32,19,45,0,13,-13,1.4,0.84,1.95,0,0.56,-0.55
"USA-AZ",2020 W04,34,2287150,1.5,34,22,47,0,12,-13,1.5,0.94,2.05,0,0.56,-0.55
"USA-AZ",2020 W05,30,2287105,1.3,28,15,41,2,15,-11,1.2,0.64,1.75,0.1,0.66,-0.45
"USA-AZ",2020 W06,38,2287060,1.7,28,15,41,10,23,-3,1.23,0.68,1.79,0.47,1.02,-0.09
"USA-AZ",2020 W07,38,2287015,1.7,28,15,40,10,23,-2,1.2,0.64,1.75,0.5,1.06,-0.05
"USA-AZ",2020 W08,37,2286971,1.6,29,16,42,8,21,-5,1.2,0.64,1.75,0.4,0.96,-0.15
"USA-AZ",2020 W09,30,2286926,1.3,33,20,46,-3,10,-16,1.4,0.84,1.95,-0.1,0.46,-0.65
"USA-AZ",2020 W10,25,2286881,1.1,27,14,40,-2,11,-15,1.17,0.61,1.72,-0.07,0.49,-0.62
"USA-AZ",2020 W11,37,2286836,1.6,28,16,41,9,21,-4,1.2,0.64,1.75,0.4,0.96,-0.15
"USA-AZ",2020 W12,36,2286791,1.6,37,24,50,-1,12,-14,1.6,1.04,2.15,0,0.56,-0.55
"USA-AZ",2020 W13,28,2286746,1.2,27,14,40,1,14,-12,1.17,0.61,1.72,0.03,0.59,-0.52
"USA-AZ",2020 W14,30,2286702,1.3,32,19,45,-2,11,-15,1.37,0.81,1.92,-0.07,0.49,-0.62
"USA-AZ",2020 W15,45,2286657,2,30,17,43,15,28,2,1.33,0.78,1.89,0.67,1.22,0.11
"USA-AZ",2020 W16,25,2286612,1.1,27,15,40,-2,10,-15,1.17,0.61,1.72,-0.07,0.49,-0.62
"USA-AZ",2020 W17,26,2286567,1.1,28,15,41,-2,11,-15,1.2,0.64,1.75,-0.1,0.46,-0.65
"USA-AZ",2020 W18,24,2286522,1,30,18,43,-6,6,-19,1.33,0.78,1.89,-0.33,0.22,-0.89
"USA-AZ",2020 W19,37,2286477,1.6,33,20,46,4,17,-9,1.43,0.88,1.99,0.17,0.72,-0.39
"USA-AZ",2020 W20,32,2286432,1.4,37,24,50,-5,8,-18,1.6,1.04,2.15,-0.2,0.36,-0.75
"USA-AZ",2020 W21,39,2286388,1.7,36,24,49,3,15,-10,1.57,1.01,2.12,0.13,0.69,-0.42
"USA-AZ",2020 W22,26,2286343,1.1,31,18,44,-5,8,-18,1.33,0.78,1.89,-0.23,0.32,-0.79
"USA-AZ",2020 W23,43,2286298,1.9,25,12,38,18,31,5,1.07,0.51,1.62,0.83,1.39,0.28
"USA-AZ",2020 W24,31,2286253,1.4,31,19,44,0,12,-13,1.37,0.81,1.92,0.03,0.59,-0.52
"USA-AZ",2020 W25,39,2286208,1.7,31,18,44,8,21,-5,1.33,0.78,1.89,0.37,0.92,-0.19
"USA-AZ",2020 W26,30,2286163,1.3,31,19,44,-1,11,-14,1.37,0.81,1.92,-0.07,0.49,-0.62
"USA-AZ",2020 W27,41,2286118,1.8,27,14,40,14,27,1,1.17,0.61,1.72,0.63,1.19,0.08
"USA-AZ",2020 W28,43,2286074,1.9,30,17,43,13,26,0,1.3,0.74,1.85,0.6,1.16,0.05
"USA-AZ",2020 W29,34,2286029,1.5,37,24,50,-3,10,-16,1.6,1.04,2.15,-0.1,0.46,-0.65
"USA-AZ",2020 W30,51,2285984,2.2,31,19,44,20,32,7,1.33,0.78,1.89,0.87,1.42,0.31
"USA-AZ",2020 W31,43,2285939,1.9,30,17,43,13,26,0,1.3,0.74,1.85,0.6,1.16,0.05
"USA-AZ",2020 W32,23,2285894,1,29,16,42,-6,7,-19,1.23,0.68,1.79,-0.23,0.32,-0.79
"USA-AZ",2020 W33,30,2285849,1.3,26,13,39,4,17,-9,1.13,0.58,1.69,0.17,0.72,-0.39
"USA-AZ",2020 W34,41,2285805,1.8,32,19,45,9,22,-4,1.4,0.84,1.95,0.4,0.96,-0.15
"USA-AZ",2020 W35,31,2285760,1.4,30,17,43,1,14,-12,1.3,0.74,1.85,0.1,0.66,-0.45
"USA-AZ",2020 W36,34,2285715,1.5,36,23,49,-2,11,-15,1.57,1.01,2.12,-0.07,0.49,-0.62
"USA-AZ",2020 W37,37,2285670,1.6,34,22,47,3,15,-10,1.5,0.94,2.05,0.1,0.66,-0.45
"USA-AZ",2020 W38,33,2285625,1.4,35,22,48,-2,11,-15,1.5,0.94,2.05,-0.1,0.46,-0.65
"USA-AZ",2020 W39,29,2285580,1.3,27,14,40,2,15,-11,1.13,0.58,1.69,0.17,0.72,-0.39
"USA-AZ",2020 W40,46,2285535,2,34,21,46,12,25,0,1.43,0.88,1.99,0.57,1.12,0.01
"USA-AZ",2020 W41,39,2285491,1.7,26,14,39,13,25,0,1.13,0.58,1.69,0.57,1.12,0.01
"USA-AZ",2020 W42,26,2285446,1.1,31,18,44,-5,8,-18,1.33,0.78,1.89,-0.23,0.32,-0.79
"USA-AZ",2020 W43,33,2285401,1.4,29,16,42,4,17,-9,1.23,0.68,1.79,0.17,0.72,-0.39
"USA-AZ",2020 W44,42,2285356,1.8,34,21,47,8,21,-5,1.47,0.91,2.02,0.33,0.89,-0.22
"USA-AZ",2020 W45,43,2285311,1.9,28,15,41,15,28,2,1.23,0.68,1.79,0.67,1.22,0.11
"USA-AZ",2020 W46,32,2285266,1.4,32,20,45,0,12,-13,1.4,0.84,1.95,0,0.56,-0.55
"USA-AZ",2020 W47,34,2285222,1.5,29,16,42,5,18,-8,1.27,0.71,1.82,0.23,0.79,-0.32
"USA-AZ",2020 W48,25,2285177,1.1,30,17,43,-5,8,-18,1.33,0.78,1.89,-0.23,0.32,-0.79
"USA-AZ",2020 W49,25,2285132,1.1,29,16,42,-4,9,-17,1.23,0.68,1.79,-0.13,0.42,-0.69
"USA-AZ",2020 W50,29,2285087,1.3,31,18,44,-2,11,-15,1.33,0.78,1.89,-0.03,0.52,-0.59
"USA-AZ",2020 W51,34,2285042,1.5,34,21,46,0,13,-12,1.43,0.88,1.99,0.07,0.62,-0.49
"USA-AZ",2020 W52,40,2284997,1.8,32,19,45,8,21,-5,1.37,0.81,1.92,0.43,0.99,-0.12
"USA-AZ",2020 W53,26,2284948,1.1,35,22,48,-9,4,-22,1.5,0.93,2.06,-0.4,0.17,-0.96
"USA-AZ",2021 W01,21,2284846,0.9,30,17,43,-9,4,-22,1.33,0.77,1.9,-0.43,0.13,-1
"USA-AZ",2021 W02,20,2284730,0.9,33,20,46,-13,0,-26,1.43,0.87,2,-0.53,0.03,-1.1
"USA-AZ",2021 W03,37,2284614,1.6,35,22,48,2,15,-11,1.53,0.97,2.1,0.07,0.63,-0.5
"USA-AZ",2021 W04,32,2284497,1.4,29,16,42,3,16,-10,1.23,0.67,1.8,0.17,0.73,-0.4
"USA-AZ",2021 W05,39,2284381,1.7,29,16,42,10,23,-3,1.26,0.7,1.83,0.44,1,-0.13
"USA-AZ",2021 W06,34,2284265,1.5,28,15,41,6,19,-7,1.23,0.67,1.8,0.27,0.83,-0.3
"USA-AZ",2021 W07,25,2284148,1.1,30,17,43,-5,8,-18,1.23,0.67,1.8,-0.13,0.43,-0.7
"USA-AZ",2021 W08,43,2284032,1.9,34,21,47,9,22,-4,1.43,0.87,2,0.47,1.03,-0.1
"USA-AZ",2021 W09,39,2283916,1.7,28,15,41,11,24,-2,1.2,0.63,1.76,0.5,1.07,-0.06
"USA-AZ",2021 W10,35,2283799,1.5,29,16,42,6,19,-7,1.23,0.67,1.8,0.27,0.83,-0.3
"USA-AZ",2021 W11,36,2283683,1.6,38,25,51,-2,11,-15,1.63,1.07,2.2,-0.03,0.53,-0.6
"USA-AZ",2021 W12,23,2283567,1,28,15,41,-5,8,-18,1.2,0.63,1.76,-0.2,0.37,-0.76
"USA-AZ",2021 W13,36,2283450,1.6,33,20,46,3,16,-10,1.4,0.83,1.96,0.2,0.77,-0.36
"USA-AZ",2021 W14,37,2283334,1.6,31,18,44,6,19,-7,1.36,0.8,1.93,0.24,0.8,-0.33
"USA-AZ",2021 W15,36,2283218,1.6,28,15,41,8,21,-5,1.2,0.63,1.76,0.4,0.97,-0.16
"USA-AZ",2021 W16,34,2283101,1.5,29,16,42,5,18,-8,1.23,0.67,1.8,0.27,0.83,-0.3
"USA-AZ",2021 W17,23,2282985,1,31,18,44,-8,5,-21,1.36,0.8,1.93,-0.36,0.2,-0.93
"USA-AZ",2021 W18,34,2282869,1.5,34,21,47,0,13,-13,1.46,0.9,2.03,0.04,0.6,-0.53
"USA-AZ",2021 W19,52,2282752,2.3,38,25,51,14,27,1,1.63,1.07,2.2,0.67,1.23,0.1
"USA-AZ",2021 W20,31,2282636,1.4,37,24,50,-6,7,-19,1.6,1.03,2.16,-0.2,0.37,-0.76
"USA-AZ",2021 W21,31,2282520,1.4,32,19,45,-1,12,-14,1.36,0.8,1.93,0.04,0.6,-0.53
"USA-AZ",2021 W22,38,2282403,1.7,26,13,39,12,25,-1,1.1,0.53,1.66,0.6,1.17,0.04
"USA-AZ",2021 W23,37,2282287,1.6,32,19,45,5,18,-8,1.4,0.83,1.96,0.2,0.77,-0.36
"USA-AZ",2021 W24,34,2282171,1.5,32,19,45,2,15,-11,1.36,0.8,1.93,0.14,0.7,-0.43
"USA-AZ",2021 W25,44,2282054,1.9,32,19,45,12,25,-1,1.4,0.83,1.96,0.5,1.07,-0.06
"USA-AZ",2021 W26,41,2281938,1.8,28,15,41,13,26,0,1.2,0.63,1.76,0.6,1.17,0.04
"USA-AZ",2021 W27,39,2281822,1.7,31,18,44,8,21,-5,1.33,0.77,1.9,0.37,0.93,-0.2
"USA-AZ",2021 W28,39,2281705,1.7,38,25,51,1,14,-12,1.63,1.07,2.2,0.07,0.63,-0.5
"USA-AZ",2021 W29,37,2281589,1.6,32,19,45,5,18,-8,1.36,0.8,1.93,0.24,0.8,-0.33
"USA-AZ",2021 W30,31,2281473,1.4,31,18,44,0,13,-13,1.33,0.77,1.9,0.07,0.63,-0.5
"USA-AZ",2021 W31,42,2281356,1.8,30,17,43,12,25,-1,1.26,0.7,1.83,0.54,1.1,-0.03
"USA-AZ",2021 W32,38,2281240,1.7,27,14,40,11,24,-2,1.16,0.6,1.73,0.54,1.1,-0.03
"USA-AZ",2021 W33,43,2281124,1.9,33,20,46,10,23,-3,1.43,0.87,2,0.47,1.03,-0.1
"USA-AZ",2021 W34,40,2281007,1.8,31,18,44,9,22,-4,1.33,0.77,1.9,0.47,1.03,-0.1
"USA-AZ",2021 W35,33,2280891,1.4,37,24,50,-4,9,-17,1.6,1.03,2.16,-0.2,0.37,-0.76
"USA-AZ",2021 W36,47,2280775,2.1,35,22,48,12,25,-1,1.53,0.97,2.1,0.57,1.13,0
"USA-AZ",2021 W37,31,2280658,1.4,36,23,49,-5,8,-18,1.53,0.97,2.1,-0.13,0.43,-0.7
"USA-AZ",2021 W38,36,2280542,1.6,28,15,41,8,21,-5,1.16,0.6,1.73,0.44,1,-0.13
"USA-AZ",2021 W39,42,2280426,1.8,34,21,47,8,21,-5,1.46,0.9,2.03,0.34,0.9,-0.23
"USA-AZ",2021 W40,33,2280309,1.4,27,14,40,6,19,-7,1.16,0.6,1.73,0.24,0.8,-0.33
"USA-AZ",2021 W41,28,2280193,1.2,32,19,45,-4,9,-17,1.36,0.8,1.93,-0.16,0.4,-0.73
"USA-AZ",2021 W42,39,2280077,1.7,30,17,43,9,22,-4,1.26,0.7,1.83,0.44,1,-0.13
"USA-AZ",2021 W43,44,2279960,1.9,35,22,48,9,22,-4,1.5,0.93,2.06,0.4,0.97,-0.16
"USA-AZ",2021 W44,42,2279844,1.8,29,16,42,13,26,0,1.26,0.7,1.83,0.54,1.1,-0.03
"USA-AZ",2021 W45,38,2279728,1.7,33,20,46,5,18,-8,1.43,0.87,2,0.27,0.83,-0.3
"USA-AZ",2021 W46,39,2279611,1.7,30,17,43,9,22,-4,1.3,0.73,1.86,0.4,0.97,-0.16
"USA-AZ",2021 W47,34,2279495,1.5,31,18,44,3,16,-10,1.36,0.8,1.93,0.14,0.7,-0.43
"USA-AZ",2021 W48,32,2279379,1.4,30,17,43,2,15,-11,1.26,0.7,1.83,0.14,0.7,-0.43
"USA-AZ",2021 W49,30,2279262,1.3,32,19,45,-2,11,-15,1.36,0.8,1.93,-0.06,0.5,-0.63
"USA-AZ",2021 W50,38,2279146,1.7,34,21,47,4,17,-9,1.46,0.9,2.03,0.24,0.8,-0.33
"USA-AZ",2021 W51,30,2279030,1.3,33,20,46,-3,10,-16,1.4,0.83,1.96,-0.1,0.47,-0.66
"USA-AZ",2021 W52,45,2278913,2,36,22,49,9,23,-4,1.53,0.95,2.11,0.47,1.05,-0.11
"USA-AZ",2022 W01,49,2278797,2.2,31,18,44,18,31,5,1.36,0.79,1.94,0.84,1.41,0.26
"USA-AZ",2022 W02,33,2278681,1.4,33,20,47,0,13,-14,1.46,0.89,2.04,-0.06,0.51,-0.64
"USA-AZ",2022 W03,32,2278564,1.4,36,23,49,-4,9,-17,1.56,0.99,2.14,-0.16,0.41,-0.74
"USA-AZ",2022 W04,22,2278448,1,30,16,43,-8,6,-21,1.26,0.69,1.84,-0.26,0.31,-0.84
"USA-AZ",2022 W05,34,2278332,1.5,30,16,43,4,18,-9,1.3,0.72,1.87,0.2,0.78,-0.37
"USA-AZ",2022 W06,31,2278216,1.4,29,16,42,2,15,-11,1.26,0.69,1.84,0.14,0.71,-0.44
"USA-AZ",2022 W07,34,2278099,1.5,30,17,44,4,17,-10,1.26,0.69,1.84,0.24,0.81,-0.34
"USA-AZ",2022 W08,27,2277983,1.2,34,21,48,-7,6,-21,1.46,0.89,2.04,-0.26,0.31,-0.84
"USA-AZ",2022 W09,32,2277867,1.4,29,15,42,3,17,-10,1.23,0.65,1.81,0.17,0.75,-0.41
"USA-AZ",2022 W10,31,2277750,1.4,30,17,43,1,14,-12,1.26,0.69,1.84,0.14,0.71,-0.44
"USA-AZ",2022 W11,36,2277634,1.6,38,25,52,-2,11,-16,1.66,1.09,2.24,-0.06,0.51,-0.64
"USA-AZ",2022 W12,37,2277518,1.6,28,15,42,9,22,-5,1.23,0.65,1.81,0.37,0.95,-0.21
"USA-AZ",2022 W13,30,2277402,1.3,33,20,47,-3,10,-17,1.43,0.85,2.01,-0.13,0.45,-0.71
"USA-AZ",2022 W14,32,2277285,1.4,32,18,45,0,14,-13,1.4,0.82,1.97,0,0.58,-0.57
"USA-AZ",2022 W15,30,2277169,1.3,29,16,42,1,14,-12,1.23,0.65,1.81,0.07,0.65,-0.51
"USA-AZ",2022 W16,31,2277053,1.4,29,16,43,2,15,-12,1.26,0.69,1.84,0.14,0.71,-0.44
"USA-AZ",2022 W17,31,2276937,1.4,32,19,45,-1,12,-14,1.4,0.82,1.97,0,0.58,-0.57
"USA-AZ",2022 W18,25,2276820,1.1,34,21,48,-9,4,-23,1.5,0.92,2.07,-0.4,0.18,-0.97
"USA-AZ",2022 W19,38,2276704,1.7,39,25,52,-1,13,-14,1.66,1.09,2.24,0.04,0.61,-0.54
"USA-AZ",2022 W20,27,2276588,1.2,38,25,51,-11,2,-24,1.63,1.05,2.21,-0.43,0.15,-1.01
"USA-AZ",2022 W21,42,2276471,1.8,33,19,46,9,23,-4,1.4,0.82,1.97,0.4,0.98,-0.17
"USA-AZ",2022 W22,38,2276355,1.7,26,13,40,12,25,-2,1.13,0.55,1.71,0.57,1.15,-0.01
"USA-AZ",2022 W23,28,2276239,1.2,33,20,46,-5,8,-18,1.43,0.85,2.01,-0.23,0.35,-0.81
"USA-AZ",2022 W24,35,2276123,1.5,32,19,46,3,16,-11,1.4,0.82,1.97,0.1,0.68,-0.47
"USA-AZ",2022 W25,37,2276006,1.6,33,20,46,4,17,-9,1.43,0.85,2.01,0.17,0.75,-0.41
"USA-AZ",2022 W26,37,2275890,1.6,29,15,42,8,22,-5,1.23,0.65,1.81,0.37,0.95,-0.21
"USA-AZ",2022 W27,33,2275774,1.5,32,18,45,1,15,-12,1.36,0.79,1.94,0.14,0.71,-0.44
"USA-AZ",2022 W28,46,2275657,2,38,25,52,8,21,-6,1.66,1.09,2.24,0.34,0.91,-0.24
"USA-AZ",2022 W29,23,2275541,1,33,20,46,-10,3,-23,1.4,0.82,1.97,-0.4,0.18,-0.97
"USA-AZ",2022 W30,37,2275425,1.6,31,18,45,6,19,-8,1.36,0.79,1.94,0.24,0.81,-0.34
"USA-AZ",2022 W31,35,2275309,1.5,31,17,44,4,18,-9,1.3,0.72,1.87,0.2,0.78,-0.37
"USA-AZ",2022 W32,33,2275192,1.5,28,14,41,5,19,-8,1.2,0.62,1.77,0.3,0.88,-0.27
"USA-AZ",2022 W33,27,2275076,1.2,34,20,47,-7,7,-20,1.46,0.89,2.04,-0.26,0.31,-0.84
"USA-AZ",2022 W34,33,2274960,1.5,32,18,45,1,15,-12,1.36,0.79,1.94,0.14,0.71,-0.44
"USA-AZ",2022 W35,33,2274844,1.5,38,24,51,-5,9,-18,1.63,1.05,2.21,-0.13,0.45,-0.71
"USA-AZ",2022 W36,33,2274727,1.5,36,23,49,-3,10,-16,1.56,0.99,2.14,-0.06,0.51,-0.64
"USA-AZ",2022 W37,36,2274611,1.6,36,23,50,0,13,-14,1.56,0.99,2.14,0.04,0.61,-0.54
"USA-AZ",2022 W38,45,2274495,2,28,15,42,17,30,3,1.2,0.62,1.77,0.8,1.38,0.23
"USA-AZ",2022 W39,23,2274378,1,35,22,48,-12,1,-25,1.5,0.92,2.07,-0.5,0.08,-1.07
"USA-AZ",2022 W40,31,2274262,1.4,28,15,41,3,16,-10,1.2,0.62,1.77,0.2,0.78,-0.37
"USA-AZ",2022 W41,43,2274146,1.9,32,19,46,11,24,-3,1.4,0.82,1.97,0.5,1.08,-0.07
"USA-AZ",2022 W42,29,2274030,1.3,30,17,44,-1,12,-15,1.3,0.72,1.87,0,0.58,-0.57
"USA-AZ",2022 W43,36,2273913,1.6,35,22,49,1,14,-13,1.53,0.95,2.11,0.07,0.65,-0.51
"USA-AZ",2022 W44,25,2273797,1.1,30,16,43,-5,9,-18,1.3,0.72,1.87,-0.2,0.38,-0.77
"USA-AZ",2022 W45,31,2273681,1.4,34,21,47,-3,10,-16,1.46,0.89,2.04,-0.06,0.51,-0.64
"USA-AZ",2022 W46,32,2273564,1.4,31,17,44,1,15,-12,1.33,0.75,1.91,0.07,0.65,-0.51
"USA-AZ",2022 W47,37,2273448,1.6,32,18,45,5,19,-8,1.4,0.82,1.97,0.2,0.78,-0.37
"USA-AZ",2022 W48,35,2273332,1.5,31,17,44,4,18,-9,1.3,0.72,1.87,0.2,0.78,-0.37
"USA-AZ",2022 W49,33,2273216,1.5,32,19,46,1,14,-13,1.4,0.82,1.97,0.1,0.68,-0.47
"USA-AZ",2022 W50,33,2273099,1.5,35,22,48,-2,11,-15,1.5,0.92,2.07,0,0.58,-0.57
"USA-AZ",2022 W51,34,2272983,1.5,33,20,47,1,14,-13,1.43,0.85,2.01,0.07,0.65,-0.51
"USA-AZ",2022 W52,29,2272867,1.3,36,23,50,-7,6,-21,1.56,0.97,2.16,-0.26,0.33,-0.86
"USA-AZ",2023 W01,27,2272751,1.2,32,18,45,-5,9,-18,1.4,0.8,1.99,-0.2,0.4,-0.79
"USA-AZ",2023 W02,18,2272634,0.8,34,20,48,-16,-2,-30,1.5,0.9,2.09,-0.7,-0.1,-1.29
"USA-AZ",2023 W03,36,2272518,1.6,37,23,50,-1,13,-14,1.6,1,2.19,0,0.6,-0.59
"USA-AZ",2023 W04,27,2272402,1.2,30,17,44,-3,10,-17,1.3,0.7,1.89,-0.1,0.5,-0.69
"USA-AZ",2023 W05,25,2272285,1.1,30,17,44,-5,8,-19,1.33,0.74,1.92,-0.23,0.36,-0.82
"USA-AZ",2023 W06,32,2272169,1.4,30,16,43,2,16,-11,1.3,0.7,1.89,0.1,0.7,-0.49
"USA-AZ",2023 W07,29,2272053,1.3,31,17,45,-2,12,-16,1.3,0.7,1.89,0,0.6,-0.59
"USA-AZ",2023 W08,34,2271937,1.5,35,21,49,-1,13,-15,1.5,0.9,2.09,0,0.6,-0.59
"USA-AZ",2023 W09,33,2271820,1.5,29,16,43,4,17,-10,1.26,0.67,1.86,0.24,0.83,-0.36
"USA-AZ",2023 W10,37,2271704,1.6,31,17,44,6,20,-7,1.3,0.7,1.89,0.3,0.9,-0.29
"USA-AZ",2023 W11,35,2271588,1.5,39,25,53,-4,10,-18,1.7,1.1,2.29,-0.2,0.4,-0.79
"USA-AZ",2023 W12,42,2271472,1.8,29,15,43,13,27,-1,1.26,0.67,1.86,0.54,1.13,-0.06
"USA-AZ",2023 W13,28,2271355,1.2,34,20,48,-6,8,-20,1.46,0.87,2.06,-0.26,0.33,-0.86
"USA-AZ",2023 W14,44,2271239,1.9,32,19,46,12,25,-2,1.43,0.84,2.02,0.47,1.06,-0.12
"USA-AZ",2023 W15,26,2271123,1.1,30,16,43,-4,10,-17,1.26,0.67,1.86,-0.16,0.43,-0.76
"USA-AZ",2023 W16,35,2271006,1.5,30,16,44,5,19,-9,1.3,0.7,1.89,0.2,0.8,-0.39
"USA-AZ",2023 W17,29,2270890,1.3,33,19,46,-4,10,-17,1.43,0.84,2.02,-0.13,0.46,-0.72
"USA-AZ",2023 W18,28,2270774,1.2,35,21,49,-7,7,-21,1.53,0.94,2.12,-0.33,0.26,-0.92
"USA-AZ",2023 W19,48,2270658,2.1,39,26,53,9,22,-5,1.7,1.1,2.29,0.4,1,-0.19
"USA-AZ",2023 W20,31,2270541,1.4,39,25,52,-8,6,-21,1.66,1.07,2.26,-0.26,0.33,-0.86
"USA-AZ",2023 W21,33,2270425,1.5,33,20,47,0,13,-14,1.43,0.84,2.02,0.07,0.66,-0.52
"USA-AZ",2023 W22,20,2270309,0.9,27,13,41,-7,7,-21,1.16,0.57,1.76,-0.26,0.33,-0.86
"USA-AZ",2023 W23,23,2270192,1,34,20,47,-11,3,-24,1.46,0.87,2.06,-0.46,0.13,-1.06
"USA-AZ",2023 W24,28,2270076,1.2,33,19,47,-5,9,-19,1.43,0.84,2.02,-0.23,0.36,-0.82
"USA-AZ",2023 W25,34,2269960,1.5,34,20,47,0,14,-13,1.46,0.87,2.06,0.04,0.63,-0.56
"USA-AZ",2023 W26,21,2269844,0.9,29,16,43,-8,5,-22,1.26,0.67,1.86,-0.36,0.23,-0.96
"USA-AZ",2023 W27,30,2269727,1.3,32,19,46,-2,11,-16,1.4,0.8,1.99,-0.1,0.5,-0.69
"USA-AZ",2023 W28,24,2269611,1.1,39,25,53,-15,-1,-29,1.7,1.1,2.29,-0.6,0,-1.19
"USA-CA",2017 W01,147,12755506,1.2,138,112,163,9,35,-16,1.09,0.88,1.3,0.11,0.32,-0.1
"USA-CA",2017 W02,106,12753216,0.8,112,86,137,-6,20,-31,0.86,0.64,1.07,-0.06,0.16,-0.27
"USA-CA",2017 W03,105,12750926,0.8,114,89,140,-9,16,-35,0.89,0.68,1.1,-0.09,0.12,-0.3
"USA-CA",2017 W04,94,12748636,0.7,112,86,137,-18,8,-43,0.86,0.64,1.07,-0.16,0.06,-0.37
"USA-CA",2017 W05,127,12746346,1,118,93,144,9,34,-17,0.92,0.71,1.14,0.08,0.29,-0.14
"USA-CA",2017 W06,89,12744056,0.7,101,76,127,-12,13,-38,0.79,0.58,1,-0.09,0.12,-0.3
"USA-CA",2017 W07,135,12741766,1.1,111,86,137,24,49,-2,0.89,0.68,1.1,0.21,0.42,0
"USA-CA",2017 W08,108,12739476,0.8,111,86,137,-3,22,-29,0.86,0.64,1.07,-0.06,0.16,-0.27
"USA-CA",2017 W09,135,12737186,1.1,125,99,150,10,36,-15,0.99,0.78,1.2,0.11,0.32,-0.1
"USA-CA",2017 W10,113,12734896,0.9,118,93,144,-5,20,-31,0.92,0.71,1.14,-0.02,0.19,-0.24
"USA-CA",2017 W11,112,12732606,0.9,119,94,145,-7,18,-33,0.96,0.74,1.17,-0.06,0.16,-0.27
"USA-CA",2017 W12,139,12730316,1.1,130,105,156,9,34,-17,1.06,0.84,1.27,0.04,0.26,-0.17
"USA-CA",2017 W13,102,12728025,0.8,114,89,140,-12,13,-38,0.92,0.71,1.14,-0.12,0.09,-0.34
"USA-CA",2017 W14,110,12725735,0.9,108,82,133,2,28,-23,0.86,0.64,1.07,0.04,0.26,-0.17
"USA-CA",2017 W15,121,12723445,1,114,88,139,7,33,-18,0.89,0.68,1.1,0.11,0.32,-0.1
"USA-CA",2017 W16,109,12721155,0.9,110,84,135,-1,25,-26,0.89,0.68,1.1,0.01,0.22,-0.2
"USA-CA",2017 W17,131,12718865,1,125,100,151,6,31,-20,0.99,0.78,1.2,0.01,0.22,-0.2
"USA-CA",2017 W18,131,12716575,1,116,91,142,15,40,-11,0.92,0.71,1.14,0.08,0.29,-0.14
"USA-CA",2017 W19,125,12714285,1,114,88,139,11,37,-14,0.92,0.71,1.14,0.08,0.29,-0.14
"USA-CA",2017 W20,104,12711995,0.8,118,92,143,-14,12,-39,0.92,0.71,1.14,-0.12,0.09,-0.34
"USA-CA",2017 W21,107,12709705,0.8,110,84,135,-3,23,-28,0.86,0.64,1.07,-0.06,0.16,-0.27
"USA-CA",2017 W22,140,12707415,1.1,128,102,153,12,38,-13,1.02,0.81,1.24,0.08,0.29,-0.14
"USA-CA",2017 W23,119,12705125,0.9,114,88,139,5,31,-20,0.86,0.64,1.07,0.04,0.26,-0.17
"USA-CA",2017 W24,100,12702835,0.8,113,87,138,-13,13,-38,0.89,0.68,1.1,-0.09,0.12,-0.3
"USA-CA",2017 W25,146,12700545,1.1,132,107,158,14,39,-12,1.02,0.81,1.24,0.08,0.29,-0.14
"USA-CA",2017 W26,142,12698255,1.1,130,104,155,12,38,-13,1.02,0.81,1.24,0.08,0.29,-0.14
"USA-CA",2017 W27,107,12695964,0.8,110,85,136,-3,22,-29,0.86,0.64,1.07,-0.06,0.16,-0.27
"USA-CA",2017 W28,119,12693674,0.9,113,87,138,6,32,-19,0.86,0.64,1.07,0.04,0.26,-0.17
"USA-CA",2017 W29,116,12691384,0.9,109,84,135,7,32,-19,0.86,0.64,1.07,0.04,0.26,-0.17
"USA-CA",2017 W30,121,12689094,1,125,99,150,-4,22,-29,1.02,0.81,1.24,-0.02,0.19,-0.24
"USA-CA",2017 W31,121,12686804,1,115,89,140,6,32,-19,0.92,0.71,1.14,0.08,0.29,-0.14
"USA-CA",2017 W32,122,12684514,1,116,90,141,6,32,-19,0.92,0.71,1.14,0.08,0.29,-0.14
"USA-CA",2017 W33,108,12682224,0.9,105,79,130,3,29,-22,0.82,0.61,1.04,0.08,0.29,-0.14
"USA-CA",2017 W34,115,12679934,0.9,109,83,134,6,32,-19,0.86,0.64,1.07,0.04,0.26,-0.17
"USA-CA",2017 W35,124,12677644,1,110,84,135,14,40,-11,0.89,0.68,1.1,0.11,0.32,-0.1
"USA-CA",2017 W36,110,12675354,0.9,117,91,142,-7,19,-32,0.92,0.71,1.14,-0.02,0.19,-0.24
"USA-CA",2017 W37,114,12673064,0.9,115,89,140,-1,25,-26,0.92,0.71,1.14,-0.02,0.19,-0.24
"USA-CA",2017 W38,96,12670774,0.8,116,91,142,-20,5,-46,0.92,0.71,1.14,-0.12,0.09,-0.34
"USA-CA",2017 W39,108,12668484,0.9,110,84,135,-2,24,-27,0.86,0.64,1.07,0.04,0.26,-0.17
"USA-CA",2017 W40,94,12666194,0.7,101,76,127,-7,18,-33,0.79,0.58,1,-0.09,0.12,-0.3
"USA-CA",2017 W41,98,12663903,0.8,110,85,136,-12,13,-38,0.89,0.68,1.1,-0.09,0.12,-0.3
"USA-CA",2017 W42,121,12661613,1,114,88,139,7,33,-18,0.92,0.71,1.14,0.08,0.29,-0.14
"USA-CA",2017 W43,112,12659323,0.9,112,86,137,0,26,-25,0.89,0.68,1.1,0.01,0.22,-0.2
"USA-CA",2017 W44,100,12657033,0.8,104,79,130,-4,21,-30,0.82,0.61,1.04,-0.02,0.19,-0.24
"USA-CA",2017 W45,112,12654743,0.9,120,94,145,-8,18,-33,0.96,0.74,1.17,-0.06,0.16,-0.27
"USA-CA",2017 W46,108,12652453,0.9,108,82,133,0,26,-25,0.86,0.64,1.07,0.04,0.26,-0.17
"USA-CA",2017 W47,145,12650163,1.1,124,98,149,21,47,-4,0.96,0.74,1.17,0.14,0.36,-0.07
"USA-CA",2017 W48,97,12647873,0.8,107,82,133,-10,15,-36,0.86,0.64,1.07,-0.06,0.16,-0.27
"USA-CA",2017 W49,108,12645583,0.9,117,92,143,-9,16,-35,0.96,0.74,1.17,-0.06,0.16,-0.27
"USA-CA",2017 W50,105,12643293,0.8,103,77,128,2,28,-23,0.82,0.61,1.04,-0.02,0.19,-0.24
"USA-CA",2017 W51,111,12641003,0.9,109,83,134,2,28,-23,0.86,0.64,1.07,0.04,0.26,-0.17
"USA-CA",2017 W52,105,12638713,0.8,107,81,132,-2,24,-27,0.82,0.61,1.04,-0.02,0.19,-0.24
"USA-CA",2018 W01,129,12636141,1,135,109,160,-6,20,-31,1.07,0.86,1.28,-0.07,0.14,-0.28
"USA-CA",2018 W02,130,12633194,1,109,83,134,21,47,-4,0.83,0.62,1.04,0.17,0.38,-0.04
"USA-CA",2018 W03,129,12630247,1,111,86,136,18,43,-7,0.87,0.66,1.08,0.13,0.34,-0.08
"USA-CA",2018 W04,114,12627300,0.9,109,83,134,5,31,-20,0.83,0.62,1.04,0.07,0.28,-0.14
"USA-CA",2018 W05,118,12624353,0.9,115,90,140,3,28,-22,0.9,0.69,1.11,0,0.21,-0.21
"USA-CA",2018 W06,112,12621406,0.9,98,73,123,14,39,-11,0.77,0.56,0.98,0.13,0.34,-0.08
"USA-CA",2018 W07,101,12618459,0.8,108,83,133,-7,18,-32,0.87,0.66,1.08,-0.07,0.14,-0.28
"USA-CA",2018 W08,111,12615512,0.9,108,83,133,3,28,-22,0.83,0.62,1.04,0.07,0.28,-0.14
"USA-CA",2018 W09,118,12612565,0.9,121,96,147,-3,22,-29,0.97,0.76,1.18,-0.07,0.14,-0.28
"USA-CA",2018 W10,119,12609617,0.9,115,90,140,4,29,-21,0.9,0.69,1.11,0,0.21,-0.21
"USA-CA",2018 W11,115,12606670,0.9,116,91,141,-1,24,-26,0.93,0.72,1.14,-0.03,0.18,-0.24
"USA-CA",2018 W12,122,12603723,1,127,102,152,-5,20,-30,1.03,0.82,1.24,-0.03,0.18,-0.24
"USA-CA",2018 W13,112,12600776,0.9,111,86,136,1,26,-24,0.9,0.69,1.11,0,0.21,-0.21
"USA-CA",2018 W14,97,12597829,0.8,104,79,130,-7,18,-33,0.83,0.62,1.04,-0.03,0.18,-0.24
"USA-CA",2018 W15,107,12594882,0.8,111,85,136,-4,22,-29,0.87,0.66,1.08,-0.07,0.14,-0.28
"USA-CA",2018 W16,111,12591935,0.9,107,81,132,4,30,-21,0.87,0.66,1.08,0.03,0.24,-0.18
"USA-CA",2018 W17,135,12588988,1.1,122,97,147,13,38,-12,0.97,0.76,1.18,0.13,0.34,-0.08
"USA-CA",2018 W18,101,12586041,0.8,113,88,138,-12,13,-37,0.9,0.69,1.11,-0.1,0.11,-0.31
"USA-CA",2018 W19,107,12583094,0.9,110,85,136,-3,22,-29,0.9,0.69,1.11,0,0.21,-0.21
"USA-CA",2018 W20,126,12580147,1,115,89,140,11,37,-14,0.9,0.69,1.11,0.1,0.31,-0.11
"USA-CA",2018 W21,104,12577200,0.8,106,81,132,-2,23,-28,0.83,0.62,1.04,-0.03,0.18,-0.24
"USA-CA",2018 W22,126,12574253,1,124,99,150,2,27,-24,1,0.79,1.21,0,0.21,-0.21
"USA-CA",2018 W23,119,12571306,0.9,110,85,136,9,34,-17,0.83,0.62,1.04,0.07,0.28,-0.14
"USA-CA",2018 W24,117,12568359,0.9,110,84,135,7,33,-18,0.87,0.66,1.08,0.03,0.24,-0.18
"USA-CA",2018 W25,112,12565412,0.9,129,104,154,-17,8,-42,1,0.79,1.21,-0.1,0.11,-0.31
"USA-CA",2018 W26,116,12562465,0.9,127,101,152,-11,15,-36,1,0.79,1.21,-0.1,0.11,-0.31
"USA-CA",2018 W27,112,12559517,0.9,107,82,132,5,30,-20,0.83,0.62,1.04,0.07,0.28,-0.14
"USA-CA",2018 W28,106,12556570,0.8,109,84,135,-3,22,-29,0.83,0.62,1.04,-0.03,0.18,-0.24
"USA-CA",2018 W29,104,12553623,0.8,106,81,131,-2,23,-27,0.83,0.62,1.04,-0.03,0.18,-0.24
"USA-CA",2018 W30,111,12550676,0.9,121,96,147,-10,15,-36,1,0.79,1.21,-0.1,0.11,-0.31
"USA-CA",2018 W31,101,12547729,0.8,111,86,137,-10,15,-36,0.9,0.69,1.11,-0.1,0.11,-0.31
"USA-CA",2018 W32,113,12544782,0.9,113,87,138,0,26,-25,0.9,0.69,1.11,0,0.21,-0.21
"USA-CA",2018 W33,94,12541835,0.7,101,76,127,-7,18,-33,0.8,0.59,1.01,-0.1,0.11,-0.31
"USA-CA",2018 W34,86,12538888,0.7,106,80,131,-20,6,-45,0.83,0.62,1.04,-0.13,0.08,-0.34
"USA-CA",2018 W35,86,12535941,0.7,106,81,132,-20,5,-46,0.87,0.66,1.08,-0.17,0.04,-0.38
"USA-CA",2018 W36,114,12532994,0.9,114,88,139,0,26,-25,0.9,0.69,1.11,0,0.21,-0.21
"USA-CA",2018 W37,101,12530047,0.8,111,86,137,-10,15,-36,0.9,0.69,1.11,-0.1,0.11,-0.31
"USA-CA",2018 W38,118,12527100,0.9,113,88,138,5,30,-20,0.9,0.69,1.11,0,0.21,-0.21
"USA-CA",2018 W39,106,12524153,0.8,107,81,132,-1,25,-26,0.83,0.62,1.04,-0.03,0.18,-0.24
"USA-CA",2018 W40,96,12521206,0.8,98,73,123,-2,23,-27,0.77,0.56,0.98,0.03,0.24,-0.18
"USA-CA",2018 W41,114,12518259,0.9,107,82,132,7,32,-18,0.87,0.66,1.08,0.03,0.24,-0.18
"USA-CA",2018 W42,103,12515312,0.8,111,85,136,-8,18,-33,0.9,0.69,1.11,-0.1,0.11,-0.31
"USA-CA",2018 W43,104,12512365,0.8,108,83,134,-4,21,-30,0.87,0.66,1.08,-0.07,0.14,-0.28
"USA-CA",2018 W44,110,12509418,0.9,101,76,126,9,34,-16,0.8,0.59,1.01,0.1,0.31,-0.11
"USA-CA",2018 W45,120,12506470,1,116,91,142,4,29,-22,0.93,0.72,1.14,0.07,0.28,-0.14
"USA-CA",2018 W46,99,12503523,0.8,104,79,130,-5,20,-31,0.83,0.62,1.04,-0.03,0.18,-0.24
"USA-CA",2018 W47,100,12500576,0.8,120,95,146,-20,5,-46,0.93,0.72,1.14,-0.13,0.08,-0.34
"USA-CA",2018 W48,101,12497629,0.8,104,79,129,-3,22,-28,0.83,0.62,1.04,-0.03,0.18,-0.24
"USA-CA",2018 W49,109,12494682,0.9,114,89,139,-5,20,-30,0.93,0.72,1.14,-0.03,0.18,-0.24
"USA-CA",2018 W50,94,12491735,0.8,99,74,125,-5,20,-31,0.8,0.59,1.01,0,0.21,-0.21
"USA-CA",2018 W51,93,12488788,0.7,106,80,131,-13,13,-38,0.83,0.62,1.04,-0.13,0.08,-0.34
"USA-CA",2018 W52,105,12485841,0.8,104,78,129,1,27,-24,0.8,0.59,1.01,0,0.21,-0.21
"USA-CA",2019 W01,128,12483945,1,131,106,157,-3,22,-29,1.04,0.83,1.26,-0.04,0.17,-0.26
"USA-CA",2019 W02,90,12484361,0.7,105,80,131,-15,10,-41,0.81,0.6,1.02,-0.11,0.1,-0.32
"USA-CA",2019 W03,99,12484848,0.8,108,82,133,-9,17,-34,0.84,0.63,1.06,-0.04,0.17,-0.26
"USA-CA",2019 W04,118,12485334,0.9,105,80,131,13,38,-13,0.81,0.6,1.02,0.09,0.3,-0.12
"USA-CA",2019 W05,100,12485821,0.8,112,86,137,-12,14,-37,0.88,0.66,1.09,-0.08,0.14,-0.29
"USA-CA",2019 W06,93,12486307,0.7,95,69,120,-2,24,-27,0.74,0.53,0.96,-0.04,0.17,-0.26
"USA-CA",2019 W07,88,12486794,0.7,105,79,130,-17,9,-42,0.84,0.63,1.06,-0.14,0.07,-0.36
"USA-CA",2019 W08,105,12487280,0.8,105,79,130,0,26,-25,0.81,0.6,1.02,-0.01,0.2,-0.22
"USA-CA",2019 W09,111,12487767,0.9,118,93,144,-7,18,-33,0.94,0.73,1.16,-0.04,0.17,-0.26
"USA-CA",2019 W10,113,12488253,0.9,112,86,137,1,27,-24,0.88,0.66,1.09,0.02,0.24,-0.19
"USA-CA",2019 W11,121,12488740,1,113,87,138,8,34,-17,0.91,0.7,1.12,0.09,0.3,-0.12
"USA-CA",2019 W12,120,12489226,1,124,98,149,-4,22,-29,1.01,0.8,1.22,-0.01,0.2,-0.22
"USA-CA",2019 W13,119,12489712,1,108,82,133,11,37,-14,0.88,0.66,1.09,0.12,0.34,-0.09
"USA-CA",2019 W14,106,12490199,0.8,101,76,127,5,30,-21,0.81,0.6,1.02,-0.01,0.2,-0.22
"USA-CA",2019 W15,104,12490685,0.8,107,82,133,-3,22,-29,0.84,0.63,1.06,-0.04,0.17,-0.26
"USA-CA",2019 W16,100,12491172,0.8,103,78,129,-3,22,-29,0.84,0.63,1.06,-0.04,0.17,-0.26
"USA-CA",2019 W17,100,12491658,0.8,119,93,144,-19,7,-44,0.94,0.73,1.16,-0.14,0.07,-0.36
"USA-CA",2019 W18,107,12492145,0.9,110,84,135,-3,23,-28,0.88,0.66,1.09,0.02,0.24,-0.19
"USA-CA",2019 W19,99,12492631,0.8,107,82,133,-8,17,-34,0.88,0.66,1.09,-0.08,0.14,-0.29
"USA-CA",2019 W20,114,12493118,0.9,111,86,137,3,28,-23,0.88,0.66,1.09,0.02,0.24,-0.19
"USA-CA",2019 W21,108,12493604,0.9,103,78,129,5,30,-21,0.81,0.6,1.02,0.09,0.3,-0.12
"USA-CA",2019 W22,107,12494090,0.9,121,96,147,-14,11,-40,0.98,0.76,1.19,-0.08,0.14,-0.29
"USA-CA",2019 W23,93,12494577,0.7,107,82,133,-14,11,-40,0.81,0.6,1.02,-0.11,0.1,-0.32
"USA-CA",2019 W24,112,12495063,0.9,106,81,132,6,31,-20,0.84,0.63,1.06,0.06,0.27,-0.16
"USA-CA",2019 W25,129,12495550,1,126,100,151,3,29,-22,0.98,0.76,1.19,0.02,0.24,-0.19
"USA-CA",2019 W26,122,12496036,1,123,98,149,-1,24,-27,0.98,0.76,1.19,0.02,0.24,-0.19
"USA-CA",2019 W27,102,12496523,0.8,104,78,129,-2,24,-27,0.81,0.6,1.02,-0.01,0.2,-0.22
"USA-CA",2019 W28,103,12497009,0.8,106,81,132,-3,22,-29,0.81,0.6,1.02,-0.01,0.2,-0.22
"USA-CA",2019 W29,98,12497496,0.8,103,77,128,-5,21,-30,0.81,0.6,1.02,-0.01,0.2,-0.22
"USA-CA",2019 W30,132,12497982,1.1,118,93,144,14,39,-12,0.98,0.76,1.19,0.12,0.34,-0.09
"USA-CA",2019 W31,112,12498469,0.9,108,83,134,4,29,-22,0.88,0.66,1.09,0.02,0.24,-0.19
"USA-CA",2019 W32,103,12498955,0.8,109,84,135,-6,19,-32,0.88,0.66,1.09,-0.08,0.14,-0.29
"USA-CA",2019 W33,102,12499441,0.8,98,73,124,4,29,-22,0.78,0.56,0.99,0.02,0.24,-0.19
"USA-CA",2019 W34,116,12499928,0.9,102,77,128,14,39,-12,0.81,0.6,1.02,0.09,0.3,-0.12
"USA-CA",2019 W35,109,12500414,0.9,103,78,129,6,31,-20,0.84,0.63,1.06,0.06,0.27,-0.16
"USA-CA",2019 W36,117,12500901,0.9,110,85,136,7,32,-19,0.88,0.66,1.09,0.02,0.24,-0.19
"USA-CA",2019 W37,119,12501387,1,108,83,134,11,36,-15,0.88,0.66,1.09,0.12,0.34,-0.09
"USA-CA",2019 W38,125,12501874,1,110,84,135,15,41,-10,0.88,0.66,1.09,0.12,0.34,-0.09
"USA-CA",2019 W39,106,12502360,0.8,103,78,129,3,28,-23,0.81,0.6,1.02,-0.01,0.2,-0.22
"USA-CA",2019 W40,104,12502847,0.8,95,69,120,9,35,-16,0.74,0.53,0.96,0.06,0.27,-0.16
"USA-CA",2019 W41,109,12503333,0.9,104,78,129,5,31,-20,0.84,0.63,1.06,0.06,0.27,-0.16
"USA-CA",2019 W42,108,12503820,0.9,107,82,133,1,26,-25,0.88,0.66,1.09,0.02,0.24,-0.19
"USA-CA",2019 W43,109,12504306,0.9,105,80,131,4,29,-22,0.84,0.63,1.06,0.06,0.27,-0.16
"USA-CA",2019 W44,93,12504792,0.7,98,72,123,-5,21,-30,0.78,0.56,0.99,-0.08,0.14,-0.29
"USA-CA",2019 W45,117,12505279,0.9,113,88,139,4,29,-22,0.91,0.7,1.12,-0.01,0.2,-0.22
"USA-CA",2019 W46,106,12505765,0.8,101,76,127,5,30,-21,0.81,0.6,1.02,-0.01,0.2,-0.22
"USA-CA",2019 W47,116,12506252,0.9,117,92,143,-1,24,-27,0.91,0.7,1.12,-0.01,0.2,-0.22
"USA-CA",2019 W48,114,12506738,0.9,101,75,126,13,39,-12,0.81,0.6,1.02,0.09,0.3,-0.12
"USA-CA",2019 W49,125,12507225,1,111,85,136,14,40,-11,0.91,0.7,1.12,0.09,0.3,-0.12
"USA-CA",2019 W50,99,12507711,0.8,96,71,122,3,28,-23,0.78,0.56,0.99,0.02,0.24,-0.19
"USA-CA",2019 W51,113,12508198,0.9,102,77,128,11,36,-15,0.81,0.6,1.02,0.09,0.3,-0.12
"USA-CA",2019 W52,101,12508684,0.8,100,75,126,1,26,-25,0.78,0.56,0.99,0.02,0.24,-0.19
"USA-CA",2020 W01,103,12507873,0.8,128,102,154,-25,1,-51,1.02,0.81,1.23,-0.22,-0.01,-0.43
"USA-CA",2020 W02,116,12502390,0.9,102,76,128,14,40,-12,0.79,0.57,1,0.11,0.33,-0.1
"USA-CA",2020 W03,126,12496518,1,105,79,130,21,47,-4,0.82,0.61,1.03,0.18,0.39,-0.03
"USA-CA",2020 W04,105,12490645,0.8,102,76,128,3,29,-23,0.79,0.57,1,0.01,0.23,-0.2
"USA-CA",2020 W05,102,12484773,0.8,109,83,134,-7,19,-32,0.85,0.64,1.07,-0.05,0.16,-0.27
"USA-CA",2020 W06,107,12478901,0.9,92,66,117,15,41,-10,0.72,0.51,0.93,0.18,0.39,-0.03
"USA-CA",2020 W07,99,12473029,0.8,102,76,127,-3,23,-28,0.82,0.61,1.03,-0.02,0.19,-0.23
"USA-CA",2020 W08,106,12467156,0.9,102,76,127,4,30,-21,0.79,0.57,1,0.11,0.33,-0.1
"USA-CA",2020 W09,113,12461284,0.9,115,89,141,-2,24,-28,0.92,0.71,1.13,-0.02,0.19,-0.23
"USA-CA",2020 W10,115,12455412,0.9,109,83,134,6,32,-19,0.85,0.64,1.07,0.05,0.26,-0.17
"USA-CA",2020 W11,109,12449540,0.9,110,84,135,-1,25,-26,0.89,0.67,1.1,0.01,0.23,-0.2
"USA-CA",2020 W12,124,12443668,1,121,95,146,3,29,-22,0.99,0.77,1.2,0.01,0.23,-0.2
"USA-CA",2020 W13,103,12437795,0.8,105,79,130,-2,24,-27,0.85,0.64,1.07,-0.05,0.16,-0.27
"USA-CA",2020 W14,114,12431923,0.9,98,72,124,16,42,-10,0.79,0.57,1,0.11,0.33,-0.1
"USA-CA",2020 W15,116,12426051,0.9,104,78,130,12,38,-14,0.82,0.61,1.03,0.08,0.29,-0.13
"USA-CA",2020 W16,114,12420179,0.9,100,74,126,14,40,-12,0.82,0.61,1.03,0.08,0.29,-0.13
"USA-CA",2020 W17,128,12414306,1,116,90,141,12,38,-13,0.92,0.71,1.13,0.08,0.29,-0.13
"USA-CA",2020 W18,113,12408434,0.9,107,81,132,6,32,-19,0.85,0.64,1.07,0.05,0.26,-0.17
"USA-CA",2020 W19,121,12402562,1,104,78,130,17,43,-9,0.85,0.64,1.07,0.15,0.36,-0.07
"USA-CA",2020 W20,124,12396690,1,108,82,134,16,42,-10,0.85,0.64,1.07,0.15,0.36,-0.07
"USA-CA",2020 W21,106,12390817,0.9,100,74,126,6,32,-20,0.79,0.57,1,0.11,0.33,-0.1
"USA-CA",2020 W22,90,12384945,0.7,118,92,144,-28,-2,-54,0.95,0.74,1.17,-0.25,-0.04,-0.47
"USA-CA",2020 W23,128,12379073,1,104,78,130,24,50,-2,0.79,0.57,1,0.21,0.43,0
"USA-CA",2020 W24,126,12373201,1,103,77,129,23,49,-3,0.82,0.61,1.03,0.18,0.39,-0.03
"USA-CA",2020 W25,131,12367328,1.1,123,97,148,8,34,-17,0.95,0.74,1.17,0.15,0.36,-0.07
"USA-CA",2020 W26,112,12361456,0.9,120,94,146,-8,18,-34,0.95,0.74,1.17,-0.05,0.16,-0.27
"USA-CA",2020 W27,139,12355584,1.1,101,75,126,38,64,13,0.79,0.57,1,0.31,0.53,0.1
"USA-CA",2020 W28,135,12349712,1.1,103,77,129,32,58,6,0.79,0.57,1,0.31,0.53,0.1
"USA-CA",2020 W29,113,12343840,0.9,100,74,125,13,39,-12,0.79,0.57,1,0.11,0.33,-0.1
"USA-CA",2020 W30,156,12337967,1.3,115,89,141,41,67,15,0.95,0.74,1.17,0.35,0.56,0.13
"USA-CA",2020 W31,120,12332095,1,105,79,131,15,41,-11,0.85,0.64,1.07,0.15,0.36,-0.07
"USA-CA",2020 W32,151,12326223,1.2,106,80,132,45,71,19,0.85,0.64,1.07,0.35,0.56,0.13
"USA-CA",2020 W33,129,12320351,1,95,69,121,34,60,8,0.75,0.54,0.97,0.25,0.46,0.03
"USA-CA",2020 W34,134,12314478,1.1,99,73,125,35,61,9,0.79,0.57,1,0.31,0.53,0.1
"USA-CA",2020 W35,135,12308606,1.1,100,74,126,35,61,9,0.82,0.61,1.03,0.28,0.49,0.07
"USA-CA",2020 W36,122,12302734,1,107,81,133,15,41,-11,0.85,0.64,1.07,0.15,0.36,-0.07
"USA-CA",2020 W37,127,12296862,1,105,79,131,22,48,-4,0.85,0.64,1.07,0.15,0.36,-0.07
"USA-CA",2020 W38,128,12290989,1,107,81,132,21,47,-4,0.85,0.64,1.07,0.15,0.36,-0.07
"USA-CA",2020 W39,124,12285117,1,100,74,126,24,50,-2,0.79,0.57,1,0.21,0.43,0
"USA-CA",2020 W40,144,12279245,1.2,92,66,117,52,78,27,0.72,0.51,0.93,0.48,0.69,0.27
"USA-CA",2020 W41,125,12273373,1,101,75,126,24,50,-1,0.82,0.61,1.03,0.18,0.39,-0.03
"USA-CA",2020 W42,132,12267500,1.1,104,78,130,28,54,2,0.85,0.64,1.07,0.25,0.46,0.03
"USA-CA",2020 W43,89,12261628,0.7,102,76,128,-13,13,-39,0.82,0.61,1.03,-0.12,0.09,-0.33
"USA-CA",2020 W44,123,12255756,1,95,69,120,28,54,3,0.75,0.54,0.97,0.25,0.46,0.03
"USA-CA",2020 W45,130,12249884,1.1,110,84,136,20,46,-6,0.89,0.67,1.1,0.21,0.43,0
"USA-CA",2020 W46,138,12244012,1.1,98,72,124,40,66,14,0.79,0.57,1,0.31,0.53,0.1
"USA-CA",2020 W47,134,12238139,1.1,114,88,140,20,46,-6,0.89,0.67,1.1,0.21,0.43,0
"USA-CA",2020 W48,126,12232267,1,98,72,123,28,54,3,0.79,0.57,1,0.21,0.43,0
"USA-CA",2020 W49,133,12226395,1.1,108,82,133,25,51,0,0.89,0.67,1.1,0.21,0.43,0
"USA-CA",2020 W50,132,12220523,1.1,93,67,119,39,65,13,0.75,0.54,0.97,0.35,0.56,0.13
"USA-CA",2020 W51,123,12214650,1,99,73,125,24,50,-2,0.79,0.57,1,0.21,0.43,0
"USA-CA",2020 W52,110,12208778,0.9,97,71,123,13,39,-13,0.75,0.54,0.97,0.15,0.36,-0.07
"USA-CA",2020 W53,170,12203103,1.4,125,99,151,45,71,19,1,0.78,1.22,0.4,0.62,0.18
"USA-CA",2021 W01,130,12199787,1.1,99,73,125,31,57,5,0.76,0.55,0.98,0.34,0.55,0.12
"USA-CA",2021 W02,152,12197127,1.2,101,75,128,51,77,24,0.8,0.58,1.02,0.4,0.62,0.18
"USA-CA",2021 W03,124,12194468,1,99,73,125,25,51,-1,0.76,0.55,0.98,0.24,0.45,0.02
"USA-CA",2021 W04,133,12191808,1.1,105,79,132,28,54,1,0.83,0.61,1.05,0.27,0.49,0.05
"USA-CA",2021 W05,132,12189148,1.1,88,62,115,44,70,17,0.7,0.48,0.92,0.4,0.62,0.18
"USA-CA",2021 W06,120,12186488,1,98,72,125,22,48,-5,0.8,0.58,1.02,0.2,0.42,-0.02
"USA-CA",2021 W07,99,12183828,0.8,98,72,125,1,27,-26,0.76,0.55,0.98,0.04,0.25,-0.18
"USA-CA",2021 W08,123,12181169,1,112,86,138,11,37,-15,0.9,0.68,1.12,0.1,0.32,-0.12
"USA-CA",2021 W09,110,12178509,0.9,105,79,132,5,31,-22,0.83,0.61,1.05,0.07,0.29,-0.15
"USA-CA",2021 W10,121,12175849,1,106,80,133,15,41,-12,0.86,0.65,1.08,0.14,0.35,-0.08
"USA-CA",2021 W11,117,12173189,1,117,91,144,0,26,-27,0.96,0.75,1.18,0.04,0.25,-0.18
"USA-CA",2021 W12,144,12170529,1.2,101,75,128,43,69,16,0.83,0.61,1.05,0.37,0.59,0.15
"USA-CA",2021 W13,120,12167869,1,95,69,121,25,51,-1,0.76,0.55,0.98,0.24,0.45,0.02
"USA-CA",2021 W14,104,12165210,0.9,101,75,127,3,29,-23,0.8,0.58,1.02,0.1,0.32,-0.12
"USA-CA",2021 W15,115,12162550,0.9,97,71,123,18,44,-8,0.8,0.58,1.02,0.1,0.32,-0.12
"USA-CA",2021 W16,128,12159890,1.1,112,86,139,16,42,-11,0.9,0.68,1.12,0.2,0.42,-0.02
"USA-CA",2021 W17,121,12157230,1,103,77,130,18,44,-9,0.83,0.61,1.05,0.17,0.39,-0.05
"USA-CA",2021 W18,127,12154570,1,101,75,127,26,52,0,0.83,0.61,1.05,0.17,0.39,-0.05
"USA-CA",2021 W19,135,12151911,1.1,105,79,131,30,56,4,0.83,0.61,1.05,0.27,0.49,0.05
"USA-CA",2021 W20,126,12149251,1,97,71,123,29,55,3,0.76,0.55,0.98,0.24,0.45,0.02
"USA-CA",2021 W21,138,12146591,1.1,115,89,141,23,49,-3,0.93,0.71,1.15,0.17,0.39,-0.05
"USA-CA",2021 W22,114,12143931,0.9,101,75,127,13,39,-13,0.76,0.55,0.98,0.14,0.35,-0.08
"USA-CA",2021 W23,120,12141271,1,100,74,126,20,46,-6,0.8,0.58,1.02,0.2,0.42,-0.02
"USA-CA",2021 W24,136,12138612,1.1,119,93,146,17,43,-10,0.93,0.71,1.15,0.17,0.39,-0.05
"USA-CA",2021 W25,142,12135952,1.2,117,91,143,25,51,-1,0.93,0.71,1.15,0.27,0.49,0.05
"USA-CA",2021 W26,134,12133292,1.1,97,71,124,37,63,10,0.76,0.55,0.98,0.34,0.55,0.12
"USA-CA",2021 W27,130,12130632,1.1,100,74,126,30,56,4,0.76,0.55,0.98,0.34,0.55,0.12
"USA-CA",2021 W28,139,12127972,1.1,96,70,123,43,69,16,0.76,0.55,0.98,0.34,0.55,0.12
"USA-CA",2021 W29,110,12125313,0.9,112,86,138,-2,24,-28,0.93,0.71,1.15,-0.03,0.19,-0.25
"USA-CA",2021 W30,121,12122653,1,102,76,128,19,45,-7,0.83,0.61,1.05,0.17,0.39,-0.05
"USA-CA",2021 W31,120,12119993,1,103,77,129,17,43,-9,0.83,0.61,1.05,0.17,0.39,-0.05
"USA-CA",2021 W32,130,12117333,1.1,92,66,118,38,64,12,0.73,0.51,0.95,0.37,0.59,0.15
"USA-CA",2021 W33,120,12114673,1,96,70,122,24,50,-2,0.76,0.55,0.98,0.24,0.45,0.02
"USA-CA",2021 W34,138,12112013,1.1,97,71,123,41,67,15,0.8,0.58,1.02,0.3,0.52,0.08
"USA-CA",2021 W35,123,12109354,1,104,78,130,19,45,-7,0.83,0.61,1.05,0.17,0.39,-0.05
"USA-CA",2021 W36,122,12106694,1,102,76,128,20,46,-6,0.83,0.61,1.05,0.17,0.39,-0.05
"USA-CA",2021 W37,126,12104034,1,103,77,130,23,49,-4,0.83,0.61,1.05,0.17,0.39,-0.05
"USA-CA",2021 W38,130,12101374,1.1,97,71,123,33,59,7,0.76,0.55,0.98,0.34,0.55,0.12
"USA-CA",2021 W39,123,12098714,1,88,62,115,35,61,8,0.7,0.48,0.92,0.3,0.52,0.08
"USA-CA",2021 W40,124,12096055,1,97,71,124,27,53,0,0.8,0.58,1.02,0.2,0.42,-0.02
"USA-CA",2021 W41,108,12093395,0.9,101,75,127,7,33,-19,0.83,0.61,1.05,0.07,0.29,-0.15
"USA-CA",2021 W42,135,12090735,1.1,99,73,125,36,62,10,0.8,0.58,1.02,0.3,0.52,0.08
"USA-CA",2021 W43,118,12088075,1,91,65,118,27,53,0,0.73,0.51,0.95,0.27,0.49,0.05
"USA-CA",2021 W44,97,12085415,0.8,107,81,133,-10,16,-36,0.86,0.65,1.08,-0.06,0.15,-0.28
"USA-CA",2021 W45,113,12082756,0.9,95,69,121,18,44,-8,0.76,0.55,0.98,0.14,0.35,-0.08
"USA-CA",2021 W46,146,12080096,1.2,111,85,137,35,61,9,0.86,0.65,1.08,0.34,0.55,0.12
"USA-CA",2021 W47,131,12077436,1.1,94,68,121,37,63,10,0.76,0.55,0.98,0.34,0.55,0.12
"USA-CA",2021 W48,109,12074776,0.9,104,78,131,5,31,-22,0.86,0.65,1.08,0.04,0.25,-0.18
"USA-CA",2021 W49,135,12072116,1.1,90,64,116,45,71,19,0.73,0.51,0.95,0.37,0.59,0.15
"USA-CA",2021 W50,113,12069457,0.9,96,70,122,17,43,-9,0.76,0.55,0.98,0.14,0.35,-0.08
"USA-CA",2021 W51,117,12066797,1,94,68,120,23,49,-3,0.73,0.51,0.95,0.27,0.49,0.05
"USA-CA",2021 W52,120,12064137,1,122,95,149,-2,25,-29,0.97,0.75,1.2,0.03,0.25,-0.2
"USA-CA",2022 W01,103,12061477,0.9,96,69,123,7,34,-20,0.74,0.52,0.96,0.16,0.38,-0.06
"USA-CA",2022 W02,115,12058817,1,98,71,125,17,44,-10,0.77,0.55,1,0.23,0.45,0
"USA-CA",2022 W03,118,12056158,1,96,69,123,22,49,-5,0.74,0.52,0.96,0.26,0.48,0.04
"USA-CA",2022 W04,120,12053498,1,102,75,129,18,45,-9,0.81,0.58,1.03,0.19,0.42,-0.03
"USA-CA",2022 W05,119,12050838,1,85,58,112,34,61,7,0.67,0.45,0.9,0.33,0.55,0.1
"USA-CA",2022 W06,115,12048179,1,95,68,122,20,47,-7,0.77,0.55,1,0.23,0.45,0
"USA-CA",2022 W07,120,12045519,1,95,68,122,25,52,-2,0.74,0.52,0.96,0.26,0.48,0.04
"USA-CA",2022 W08,123,12042859,1,109,82,136,14,41,-13,0.87,0.65,1.1,0.13,0.35,-0.1
"USA-CA",2022 W09,121,12040199,1,102,75,129,19,46,-8,0.81,0.58,1.03,0.19,0.42,-0.03
"USA-CA",2022 W10,119,12037540,1,103,76,130,16,43,-11,0.84,0.62,1.06,0.16,0.38,-0.06
"USA-CA",2022 W11,128,12034880,1.1,114,87,141,14,41,-13,0.94,0.72,1.16,0.16,0.38,-0.06
"USA-CA",2022 W12,112,12032220,0.9,98,71,125,14,41,-13,0.81,0.58,1.03,0.09,0.32,-0.13
"USA-CA",2022 W13,92,12029560,0.8,92,65,119,0,27,-27,0.74,0.52,0.96,0.06,0.28,-0.16
"USA-CA",2022 W14,125,12026901,1,98,71,125,27,54,0,0.77,0.55,1,0.23,0.45,0
"USA-CA",2022 W15,117,12024241,1,94,67,121,23,50,-4,0.77,0.55,1,0.23,0.45,0
"USA-CA",2022 W16,124,12021581,1,109,82,136,15,42,-12,0.87,0.65,1.1,0.13,0.35,-0.1
"USA-CA",2022 W17,105,12018921,0.9,100,73,127,5,32,-22,0.81,0.58,1.03,0.09,0.32,-0.13
"USA-CA",2022 W18,99,12016262,0.8,98,71,125,1,28,-26,0.81,0.58,1.03,-0.01,0.22,-0.23
"USA-CA",2022 W19,115,12013602,1,102,75,129,13,40,-14,0.81,0.58,1.03,0.19,0.42,-0.03
"USA-CA",2022 W20,113,12010942,0.9,94,67,121,19,46,-8,0.74,0.52,0.96,0.16,0.38,-0.06
"USA-CA",2022 W21,109,12008283,0.9,112,85,139,-3,24,-30,0.91,0.68,1.13,-0.01,0.22,-0.23
"USA-CA",2022 W22,154,12005623,1.3,98,71,125,56,83,29,0.74,0.52,0.96,0.56,0.78,0.34
"USA-CA",2022 W23,105,12002963,0.9,97,70,124,8,35,-19,0.77,0.55,1,0.13,0.35,-0.1
"USA-CA",2022 W24,109,12000303,0.9,116,89,143,-7,20,-34,0.91,0.68,1.13,-0.01,0.22,-0.23
"USA-CA",2022 W25,125,11997644,1,114,87,141,11,38,-16,0.91,0.68,1.13,0.09,0.32,-0.13
"USA-CA",2022 W26,114,11994984,1,94,67,121,20,47,-7,0.74,0.52,0.96,0.26,0.48,0.04
"USA-CA",2022 W27,114,11992324,1,97,70,124,17,44,-10,0.74,0.52,0.96,0.26,0.48,0.04
"USA-CA",2022 W28,125,11989664,1,93,66,120,32,59,5,0.74,0.52,0.96,0.26,0.48,0.04
"USA-CA",2022 W29,119,11987005,1,109,82,136,10,37,-17,0.91,0.68,1.13,0.09,0.32,-0.13
"USA-CA",2022 W30,119,11984345,1,99,72,126,20,47,-7,0.81,0.58,1.03,0.19,0.42,-0.03
"USA-CA",2022 W31,124,11981685,1,100,73,127,24,51,-3,0.81,0.58,1.03,0.19,0.42,-0.03
"USA-CA",2022 W32,137,11979026,1.1,89,62,116,48,75,21,0.71,0.48,0.93,0.39,0.62,0.17
"USA-CA",2022 W33,123,11976366,1,93,66,120,30,57,3,0.74,0.52,0.96,0.26,0.48,0.04
"USA-CA",2022 W34,114,11973706,1,94,67,121,20,47,-7,0.77,0.55,1,0.23,0.45,0
"USA-CA",2022 W35,115,11971046,1,101,74,128,14,41,-13,0.81,0.58,1.03,0.19,0.42,-0.03
"USA-CA",2022 W36,111,11968387,0.9,99,72,126,12,39,-15,0.81,0.58,1.03,0.09,0.32,-0.13
"USA-CA",2022 W37,126,11965727,1.1,100,73,127,26,53,-1,0.81,0.58,1.03,0.29,0.52,0.07
"USA-CA",2022 W38,113,11963067,0.9,94,67,121,19,46,-8,0.74,0.52,0.96,0.16,0.38,-0.06
"USA-CA",2022 W39,122,11960407,1,85,58,112,37,64,10,0.67,0.45,0.9,0.33,0.55,0.1
"USA-CA",2022 W40,114,11957748,1,94,67,121,20,47,-7,0.77,0.55,1,0.23,0.45,0
"USA-CA",2022 W41,103,11955088,0.9,98,71,125,5,32,-22,0.81,0.58,1.03,0.09,0.32,-0.13
"USA-CA",2022 W42,110,11952428,0.9,96,69,123,14,41,-13,0.77,0.55,1,0.13,0.35,-0.1
"USA-CA",2022 W43,116,11949768,1,88,61,115,28,55,1,0.71,0.48,0.93,0.29,0.52,0.07
"USA-CA",2022 W44,116,11947109,1,104,77,131,12,39,-15,0.84,0.62,1.06,0.16,0.38,-0.06
"USA-CA",2022 W45,100,11944449,0.8,92,65,119,8,35,-19,0.74,0.52,0.96,0.06,0.28,-0.16
"USA-CA",2022 W46,113,11941789,0.9,108,81,135,5,32,-22,0.84,0.62,1.06,0.06,0.28,-0.16
"USA-CA",2022 W47,94,11939130,0.8,91,64,118,3,30,-24,0.74,0.52,0.96,0.06,0.28,-0.16
"USA-CA",2022 W48,117,11936470,1,101,74,128,16,43,-11,0.84,0.62,1.06,0.16,0.38,-0.06
"USA-CA",2022 W49,105,11933810,0.9,87,60,114,18,45,-9,0.71,0.48,0.93,0.19,0.42,-0.03
"USA-CA",2022 W50,123,11931150,1,93,66,120,30,57,3,0.74,0.52,0.96,0.26,0.48,0.04
"USA-CA",2022 W51,141,11928491,1.2,91,64,118,50,77,23,0.71,0.48,0.93,0.49,0.72,0.27
"USA-CA",2022 W52,106,11925831,0.9,119,91,146,-13,15,-40,0.95,0.72,1.18,-0.05,0.18,-0.28
"USA-CA",2023 W01,112,11923171,0.9,93,65,120,19,47,-8,0.72,0.49,0.95,0.18,0.41,-0.05
"USA-CA",2023 W02,138,11920511,1.2,95,67,123,43,71,15,0.75,0.52,0.98,0.45,0.68,0.22
"USA-CA",2023 W03,112,11917852,0.9,93,65,120,19,47,-8,0.72,0.49,0.95,0.18,0.41,-0.05
"USA-CA",2023 W04,105,11915192,0.9,99,71,127,6,34,-22,0.78,0.56,1.01,0.12,0.34,-0.11
"USA-CA",2023 W05,106,11912532,0.9,82,54,110,24,52,-4,0.65,0.42,0.88,0.25,0.48,0.02
"USA-CA",2023 W06,116,11909872,1,92,64,120,24,52,-4,0.75,0.52,0.98,0.25,0.48,0.02
"USA-CA",2023 W07,108,11907213,0.9,92,64,120,16,44,-12,0.72,0.49,0.95,0.18,0.41,-0.05
"USA-CA",2023 W08,116,11904553,1,105,78,133,11,38,-17,0.85,0.62,1.08,0.15,0.38,-0.08
"USA-CA",2023 W09,115,11901893,1,99,71,127,16,44,-12,0.78,0.56,1.01,0.22,0.44,-0.01
"USA-CA",2023 W10,100,11899233,0.8,100,72,128,0,28,-28,0.82,0.59,1.05,-0.02,0.21,-0.25
"USA-CA",2023 W11,117,11896574,1,111,83,139,6,34,-22,0.92,0.69,1.15,0.08,0.31,-0.15
"USA-CA",2023 W12,96,11893914,0.8,95,67,123,1,29,-27,0.78,0.56,1.01,0.02,0.24,-0.21
"USA-CA",2023 W13,107,11891254,0.9,88,61,116,19,46,-9,0.72,0.49,0.95,0.18,0.41,-0.05
"USA-CA",2023 W14,119,11888594,1,95,67,122,24,52,-3,0.75,0.52,0.98,0.25,0.48,0.02
"USA-CA",2023 W15,118,11885935,1,91,63,118,27,55,0,0.75,0.52,0.98,0.25,0.48,0.02
"USA-CA",2023 W16,119,11883275,1,106,78,134,13,41,-15,0.85,0.62,1.08,0.15,0.38,-0.08
"USA-CA",2023 W17,124,11880615,1,97,69,125,27,55,-1,0.78,0.56,1.01,0.22,0.44,-0.01
"USA-CA",2023 W18,91,11877955,0.8,94,67,122,-3,24,-31,0.78,0.56,1.01,0.02,0.24,-0.21
"USA-CA",2023 W19,128,11875296,1.1,99,71,126,29,57,2,0.78,0.56,1.01,0.32,0.54,0.09
"USA-CA",2023 W20,99,11872636,0.8,90,63,118,9,36,-19,0.72,0.49,0.95,0.08,0.31,-0.15
"USA-CA",2023 W21,110,11869976,0.9,108,81,136,2,29,-26,0.88,0.66,1.11,0.02,0.24,-0.21
"USA-CA",2023 W22,116,11867316,1,94,67,122,22,49,-6,0.72,0.49,0.95,0.28,0.51,0.05
"USA-CA",2023 W23,118,11864657,1,94,66,121,24,52,-3,0.75,0.52,0.98,0.25,0.48,0.02
"USA-CA",2023 W24,134,11861997,1.1,113,85,141,21,49,-7,0.88,0.66,1.11,0.22,0.44,-0.01
"USA-CA",2023 W25,90,11859337,0.8,111,83,138,-21,7,-48,0.88,0.66,1.11,-0.08,0.14,-0.31
"USA-CA",2023 W26,103,11856677,0.9,91,63,119,12,40,-16,0.72,0.49,0.95,0.18,0.41,-0.05
"USA-CA",2023 W27,77,11854018,0.6,93,66,121,-16,11,-44,0.72,0.49,0.95,-0.12,0.11,-0.35
"USA-CA",2023 W28,41,11851358,0.3,90,62,118,-49,-21,-77,0.72,0.49,0.95,-0.42,-0.19,-0.65
"USA-FL",2017 W01,79,5931913,1.3,88,68,108,-9,11,-29,1.5,1.16,1.84,-0.2,0.14,-0.54
"USA-FL",2017 W02,77,5932371,1.3,81,61,101,-4,16,-24,1.37,1.03,1.71,-0.07,0.27,-0.41
"USA-FL",2017 W03,73,5932829,1.2,69,49,89,4,24,-16,1.13,0.79,1.48,0.07,0.41,-0.28
"USA-FL",2017 W04,61,5933287,1,72,52,92,-11,9,-31,1.23,0.89,1.58,-0.23,0.11,-0.58
"USA-FL",2017 W05,85,5933745,1.4,77,57,97,8,28,-12,1.27,0.93,1.61,0.13,0.47,-0.21
"USA-FL",2017 W06,80,5934203,1.3,87,67,107,-7,13,-27,1.43,1.09,1.78,-0.13,0.21,-0.48
"USA-FL",2017 W07,81,5934661,1.4,75,55,95,6,26,-14,1.27,0.93,1.61,0.13,0.47,-0.21
"USA-FL",2017 W08,84,5935120,1.4,78,58,98,6,26,-14,1.3,0.96,1.64,0.1,0.44,-0.24
"USA-FL",2017 W09,88,5935578,1.5,85,65,105,3,23,-17,1.43,1.09,1.78,0.07,0.41,-0.28
"USA-FL",2017 W10,72,5936036,1.2,74,54,94,-2,18,-22,1.23,0.89,1.58,-0.03,0.31,-0.38
"USA-FL",2017 W11,49,5936494,0.8,69,49,89,-20,0,-40,1.17,0.83,1.51,-0.37,-0.03,-0.71
"USA-FL",2017 W12,87,5936952,1.5,74,54,94,13,33,-7,1.27,0.93,1.61,0.23,0.57,-0.11
"USA-FL",2017 W13,73,5937410,1.2,75,55,95,-2,18,-22,1.23,0.89,1.58,-0.03,0.31,-0.38
"USA-FL",2017 W14,69,5937868,1.2,73,53,93,-4,16,-24,1.23,0.89,1.58,-0.03,0.31,-0.38
"USA-FL",2017 W15,85,5938326,1.4,81,61,101,4,24,-16,1.37,1.03,1.71,0.03,0.37,-0.31
"USA-FL",2017 W16,74,5938784,1.2,75,55,95,-1,19,-21,1.23,0.89,1.58,-0.03,0.31,-0.38
"USA-FL",2017 W17,69,5939242,1.2,75,55,95,-6,14,-26,1.27,0.93,1.61,-0.07,0.27,-0.41
"USA-FL",2017 W18,85,5939701,1.4,78,58,98,7,27,-13,1.3,0.96,1.64,0.1,0.44,-0.24
"USA-FL",2017 W19,75,5940159,1.3,80,60,100,-5,15,-25,1.37,1.03,1.71,-0.07,0.27,-0.41
"USA-FL",2017 W20,104,5940617,1.8,85,65,105,19,39,-1,1.43,1.09,1.78,0.37,0.71,0.02
"USA-FL",2017 W21,77,5941075,1.3,80,60,100,-3,17,-23,1.33,0.99,1.68,-0.03,0.31,-0.38
"USA-FL",2017 W22,84,5941533,1.4,80,60,100,4,24,-16,1.33,0.99,1.68,0.07,0.41,-0.28
"USA-FL",2017 W23,83,5941991,1.4,78,58,98,5,25,-15,1.3,0.96,1.64,0.1,0.44,-0.24
"USA-FL",2017 W24,78,5942449,1.3,77,57,97,1,21,-19,1.3,0.96,1.64,0,0.34,-0.34
"USA-FL",2017 W25,83,5942907,1.4,82,62,102,1,21,-19,1.37,1.03,1.71,0.03,0.37,-0.31
"USA-FL",2017 W26,78,5943365,1.3,71,51,91,7,27,-13,1.17,0.83,1.51,0.13,0.47,-0.21
"USA-FL",2017 W27,87,5943824,1.5,79,59,99,8,28,-12,1.33,0.99,1.68,0.17,0.51,-0.18
"USA-FL",2017 W28,88,5944282,1.5,80,60,100,8,28,-12,1.33,0.99,1.68,0.17,0.51,-0.18
"USA-FL",2017 W29,78,5944740,1.3,77,57,97,1,21,-19,1.3,0.96,1.64,0,0.34,-0.34
"USA-FL",2017 W30,83,5945198,1.4,77,57,97,6,26,-14,1.3,0.96,1.64,0.1,0.44,-0.24
"USA-FL",2017 W31,80,5945656,1.3,74,54,94,6,26,-14,1.23,0.89,1.58,0.07,0.41,-0.28
"USA-FL",2017 W32,77,5946114,1.3,76,56,96,1,21,-19,1.27,0.93,1.61,0.03,0.37,-0.31
"USA-FL",2017 W33,74,5946572,1.2,74,54,94,0,20,-20,1.23,0.89,1.58,-0.03,0.31,-0.38
"USA-FL",2017 W34,70,5947030,1.2,75,55,95,-5,15,-25,1.27,0.93,1.61,-0.07,0.27,-0.41
"USA-FL",2017 W35,62,5947488,1,63,43,83,-1,19,-21,1.03,0.69,1.38,-0.03,0.31,-0.38
"USA-FL",2017 W36,71,5947947,1.2,76,56,96,-5,15,-25,1.27,0.93,1.61,-0.07,0.27,-0.41
"USA-FL",2017 W37,72,5948405,1.2,78,58,98,-6,14,-26,1.3,0.96,1.64,-0.1,0.24,-0.44
"USA-FL",2017 W38,72,5948863,1.2,74,54,94,-2,18,-22,1.23,0.89,1.58,-0.03,0.31,-0.38
"USA-FL",2017 W39,76,5949321,1.3,77,57,97,-1,19,-21,1.3,0.96,1.64,0,0.34,-0.34
"USA-FL",2017 W40,72,5949779,1.2,71,51,91,1,21,-19,1.2,0.86,1.54,0,0.34,-0.34
"USA-FL",2017 W41,75,5950237,1.3,78,58,98,-3,17,-23,1.3,0.96,1.64,0,0.34,-0.34
"USA-FL",2017 W42,83,5950695,1.4,76,56,96,7,27,-13,1.27,0.93,1.61,0.13,0.47,-0.21
"USA-FL",2017 W43,68,5951153,1.1,68,48,88,0,20,-20,1.13,0.79,1.48,-0.03,0.31,-0.38
"USA-FL",2017 W44,77,5951611,1.3,75,55,95,2,22,-18,1.27,0.93,1.61,0.03,0.37,-0.31
"USA-FL",2017 W45,82,5952069,1.4,79,59,99,3,23,-17,1.33,0.99,1.68,0.07,0.41,-0.28
"USA-FL",2017 W46,75,5952528,1.3,85,65,105,-10,10,-30,1.43,1.09,1.78,-0.13,0.21,-0.48
"USA-FL",2017 W47,80,5952986,1.3,78,58,98,2,22,-18,1.3,0.96,1.64,0,0.34,-0.34
"USA-FL",2017 W48,71,5953444,1.2,82,62,102,-11,9,-31,1.37,1.03,1.71,-0.17,0.17,-0.51
"USA-FL",2017 W49,78,5953902,1.3,85,65,105,-7,13,-27,1.4,1.06,1.74,-0.1,0.24,-0.44
"USA-FL",2017 W50,81,5954360,1.4,79,59,99,2,22,-18,1.33,0.99,1.68,0.07,0.41,-0.28
"USA-FL",2017 W51,68,5954818,1.1,67,47,87,1,21,-19,1.1,0.76,1.44,0,0.34,-0.34
"USA-FL",2017 W52,86,5955276,1.4,84,64,104,2,22,-18,1.37,1.03,1.71,0.03,0.37,-0.31
"USA-FL",2018 W01,94,5955561,1.6,87,67,107,7,27,-13,1.47,1.13,1.81,0.13,0.47,-0.21
"USA-FL",2018 W02,76,5955614,1.3,80,60,100,-4,16,-24,1.33,0.99,1.67,-0.03,0.31,-0.37
"USA-FL",2018 W03,56,5955667,0.9,67,47,87,-11,9,-31,1.1,0.76,1.44,-0.2,0.14,-0.54
"USA-FL",2018 W04,81,5955721,1.4,70,50,90,11,31,-9,1.2,0.86,1.54,0.2,0.54,-0.14
"USA-FL",2018 W05,80,5955774,1.3,75,55,95,5,25,-15,1.23,0.89,1.57,0.07,0.41,-0.27
"USA-FL",2018 W06,86,5955827,1.4,85,65,105,1,21,-19,1.4,1.06,1.74,0,0.34,-0.34
"USA-FL",2018 W07,80,5955881,1.3,73,53,93,7,27,-13,1.23,0.89,1.57,0.07,0.41,-0.27
"USA-FL",2018 W08,68,5955934,1.1,76,56,96,-8,12,-28,1.27,0.93,1.61,-0.17,0.17,-0.51
"USA-FL",2018 W09,83,5955987,1.4,83,63,103,0,20,-20,1.4,1.06,1.74,0,0.34,-0.34
"USA-FL",2018 W10,79,5956041,1.3,72,52,92,7,27,-13,1.2,0.86,1.54,0.1,0.44,-0.24
"USA-FL",2018 W11,81,5956094,1.4,67,47,87,14,34,-6,1.13,0.79,1.47,0.27,0.61,-0.07
"USA-FL",2018 W12,61,5956147,1,72,52,92,-11,9,-31,1.23,0.89,1.57,-0.23,0.11,-0.57
"USA-FL",2018 W13,54,5956200,0.9,73,53,93,-19,1,-39,1.2,0.86,1.54,-0.3,0.04,-0.64
"USA-FL",2018 W14,59,5956254,1,71,51,91,-12,8,-32,1.2,0.86,1.54,-0.2,0.14,-0.54
"USA-FL",2018 W15,69,5956307,1.2,79,59,99,-10,10,-30,1.33,0.99,1.67,-0.13,0.21,-0.47
"USA-FL",2018 W16,80,5956360,1.3,73,53,93,7,27,-13,1.2,0.86,1.54,0.1,0.44,-0.24
"USA-FL",2018 W17,64,5956414,1.1,73,53,93,-9,11,-29,1.23,0.89,1.57,-0.13,0.21,-0.47
"USA-FL",2018 W18,79,5956467,1.3,76,56,96,3,23,-17,1.27,0.93,1.61,0.03,0.37,-0.31
"USA-FL",2018 W19,83,5956520,1.4,78,58,98,5,25,-15,1.33,0.99,1.67,0.07,0.41,-0.27
"USA-FL",2018 W20,67,5956573,1.1,83,63,103,-16,4,-36,1.4,1.06,1.74,-0.3,0.04,-0.64
"USA-FL",2018 W21,84,5956627,1.4,78,58,98,6,26,-14,1.3,0.96,1.64,0.1,0.44,-0.24
"USA-FL",2018 W22,72,5956680,1.2,78,58,98,-6,14,-26,1.3,0.96,1.64,-0.1,0.24,-0.44
"USA-FL",2018 W23,80,5956733,1.3,77,57,97,3,23,-17,1.27,0.93,1.61,0.03,0.37,-0.31
"USA-FL",2018 W24,77,5956787,1.3,75,55,95,2,22,-18,1.27,0.93,1.61,0.03,0.37,-0.31
"USA-FL",2018 W25,91,5956840,1.5,81,61,101,10,30,-10,1.33,0.99,1.67,0.17,0.51,-0.17
"USA-FL",2018 W26,67,5956893,1.1,69,49,89,-2,18,-22,1.13,0.79,1.47,-0.03,0.31,-0.37
"USA-FL",2018 W27,72,5956947,1.2,77,57,97,-5,15,-25,1.3,0.96,1.64,-0.1,0.24,-0.44
"USA-FL",2018 W28,68,5957000,1.1,78,58,98,-10,10,-30,1.3,0.96,1.64,-0.2,0.14,-0.54
"USA-FL",2018 W29,84,5957053,1.4,75,55,95,9,29,-11,1.27,0.93,1.61,0.13,0.47,-0.21
"USA-FL",2018 W30,69,5957106,1.2,75,55,95,-6,14,-26,1.27,0.93,1.61,-0.07,0.27,-0.41
"USA-FL",2018 W31,65,5957160,1.1,73,53,93,-8,12,-28,1.2,0.86,1.54,-0.1,0.24,-0.44
"USA-FL",2018 W32,73,5957213,1.2,74,54,94,-1,19,-21,1.23,0.89,1.57,-0.03,0.31,-0.37
"USA-FL",2018 W33,71,5957266,1.2,73,53,93,-2,18,-22,1.2,0.86,1.54,0,0.34,-0.34
"USA-FL",2018 W34,62,5957320,1,73,53,93,-11,9,-31,1.23,0.89,1.57,-0.23,0.11,-0.57
"USA-FL",2018 W35,56,5957373,0.9,62,42,82,-6,14,-26,1,0.66,1.34,-0.1,0.24,-0.44
"USA-FL",2018 W36,83,5957426,1.4,74,54,94,9,29,-11,1.23,0.89,1.57,0.17,0.51,-0.17
"USA-FL",2018 W37,86,5957479,1.4,77,57,97,9,29,-11,1.27,0.93,1.61,0.13,0.47,-0.21
"USA-FL",2018 W38,70,5957533,1.2,72,52,92,-2,18,-22,1.2,0.86,1.54,0,0.34,-0.34
"USA-FL",2018 W39,77,5957586,1.3,76,56,96,1,21,-19,1.27,0.93,1.61,0.03,0.37,-0.31
"USA-FL",2018 W40,72,5957639,1.2,69,49,89,3,23,-17,1.17,0.83,1.51,0.03,0.37,-0.31
"USA-FL",2018 W41,85,5957693,1.4,76,56,96,9,29,-11,1.27,0.93,1.61,0.13,0.47,-0.21
"USA-FL",2018 W42,73,5957746,1.2,75,55,95,-2,18,-22,1.23,0.89,1.57,-0.03,0.31,-0.37
"USA-FL",2018 W43,71,5957799,1.2,66,46,86,5,25,-15,1.1,0.76,1.44,0.1,0.44,-0.24
"USA-FL",2018 W44,65,5957853,1.1,73,53,93,-8,12,-28,1.23,0.89,1.57,-0.13,0.21,-0.47
"USA-FL",2018 W45,75,5957906,1.3,77,57,97,-2,18,-22,1.3,0.96,1.64,0,0.34,-0.34
"USA-FL",2018 W46,90,5957959,1.5,84,64,104,6,26,-14,1.4,1.06,1.74,0.1,0.44,-0.24
"USA-FL",2018 W47,78,5958012,1.3,76,56,96,2,22,-18,1.27,0.93,1.61,0.03,0.37,-0.31
"USA-FL",2018 W48,79,5958066,1.3,81,61,101,-2,18,-22,1.33,0.99,1.67,-0.03,0.31,-0.37
"USA-FL",2018 W49,79,5958119,1.3,83,63,103,-4,16,-24,1.37,1.03,1.71,-0.07,0.27,-0.41
"USA-FL",2018 W50,77,5958172,1.3,77,57,97,0,20,-20,1.3,0.96,1.64,0,0.34,-0.34
"USA-FL",2018 W51,67,5958226,1.1,66,46,86,1,21,-19,1.07,0.73,1.41,0.03,0.37,-0.31
"USA-FL",2018 W52,86,5958279,1.4,82,62,102,4,24,-16,1.33,0.99,1.67,0.07,0.41,-0.27
"USA-FL",2019 W01,87,5958678,1.5,85,65,105,2,22,-18,1.43,1.09,1.77,0.07,0.41,-0.27
"USA-FL",2019 W02,86,5959838,1.4,78,58,98,8,28,-12,1.3,0.96,1.64,0.1,0.44,-0.24
"USA-FL",2019 W03,72,5961021,1.2,65,45,85,7,27,-13,1.07,0.72,1.41,0.13,0.48,-0.21
"USA-FL",2019 W04,69,5962204,1.2,69,49,89,0,20,-20,1.17,0.82,1.51,0.03,0.38,-0.31
"USA-FL",2019 W05,61,5963387,1,74,54,94,-13,7,-33,1.2,0.86,1.54,-0.2,0.14,-0.54
"USA-FL",2019 W06,89,5964570,1.5,83,63,103,6,26,-14,1.37,1.02,1.71,0.13,0.48,-0.21
"USA-FL",2019 W07,59,5965753,1,72,52,92,-13,7,-33,1.2,0.86,1.54,-0.2,0.14,-0.54
"USA-FL",2019 W08,76,5966936,1.3,74,54,94,2,22,-18,1.23,0.89,1.57,0.07,0.41,-0.27
"USA-FL",2019 W09,79,5968119,1.3,82,62,102,-3,17,-23,1.37,1.02,1.71,-0.07,0.28,-0.41
"USA-FL",2019 W10,66,5969302,1.1,71,51,91,-5,15,-25,1.17,0.82,1.51,-0.07,0.28,-0.41
"USA-FL",2019 W11,71,5970485,1.2,65,45,85,6,26,-14,1.1,0.76,1.44,0.1,0.44,-0.24
"USA-FL",2019 W12,69,5971668,1.2,71,51,91,-2,18,-22,1.2,0.86,1.54,0,0.34,-0.34
"USA-FL",2019 W13,92,5972851,1.5,71,51,91,21,41,1,1.17,0.82,1.51,0.33,0.68,-0.01
"USA-FL",2019 W14,85,5974035,1.4,69,49,89,16,36,-4,1.17,0.82,1.51,0.23,0.58,-0.11
"USA-FL",2019 W15,83,5975218,1.4,77,57,97,6,26,-14,1.3,0.96,1.64,0.1,0.44,-0.24
"USA-FL",2019 W16,65,5976401,1.1,71,51,91,-6,14,-26,1.17,0.82,1.51,-0.07,0.28,-0.41
"USA-FL",2019 W17,86,5977584,1.4,71,51,91,15,35,-5,1.2,0.86,1.54,0.2,0.54,-0.14
"USA-FL",2019 W18,64,5978767,1.1,74,54,94,-10,10,-30,1.23,0.89,1.57,-0.13,0.21,-0.47
"USA-FL",2019 W19,77,5979950,1.3,77,57,97,0,20,-20,1.3,0.96,1.64,0,0.34,-0.34
"USA-FL",2019 W20,78,5981133,1.3,81,61,101,-3,17,-23,1.37,1.02,1.71,-0.07,0.28,-0.41
"USA-FL",2019 W21,73,5982316,1.2,76,56,96,-3,17,-23,1.27,0.92,1.61,-0.07,0.28,-0.41
"USA-FL",2019 W22,78,5983499,1.3,76,56,96,2,22,-18,1.27,0.92,1.61,0.03,0.38,-0.31
"USA-FL",2019 W23,67,5984682,1.1,75,55,95,-8,12,-28,1.23,0.89,1.57,-0.13,0.21,-0.47
"USA-FL",2019 W24,71,5985865,1.2,74,54,94,-3,17,-23,1.23,0.89,1.57,-0.03,0.31,-0.37
"USA-FL",2019 W25,68,5987048,1.1,79,59,99,-11,9,-31,1.3,0.96,1.64,-0.2,0.14,-0.54
"USA-FL",2019 W26,62,5988231,1,67,47,87,-5,15,-25,1.1,0.76,1.44,-0.1,0.24,-0.44
"USA-FL",2019 W27,73,5989414,1.2,76,56,96,-3,17,-23,1.27,0.92,1.61,-0.07,0.28,-0.41
"USA-FL",2019 W28,79,5990597,1.3,77,57,97,2,22,-18,1.27,0.92,1.61,0.03,0.38,-0.31
"USA-FL",2019 W29,63,5991780,1.1,73,53,93,-10,10,-30,1.23,0.89,1.57,-0.13,0.21,-0.47
"USA-FL",2019 W30,73,5992963,1.2,73,53,93,0,20,-20,1.23,0.89,1.57,-0.03,0.31,-0.37
"USA-FL",2019 W31,73,5994146,1.2,71,51,91,2,22,-18,1.17,0.82,1.51,0.03,0.38,-0.31
"USA-FL",2019 W32,73,5995329,1.2,73,53,93,0,20,-20,1.2,0.86,1.54,0,0.34,-0.34
"USA-FL",2019 W33,73,5996512,1.2,71,51,91,2,22,-18,1.17,0.82,1.51,0.03,0.38,-0.31
"USA-FL",2019 W34,88,5997695,1.5,72,52,92,16,36,-4,1.2,0.86,1.54,0.3,0.64,-0.04
"USA-FL",2019 W35,67,5998878,1.1,60,40,80,7,27,-13,0.97,0.62,1.31,0.13,0.48,-0.21
"USA-FL",2019 W36,69,6000061,1.1,73,53,93,-4,16,-24,1.2,0.86,1.54,-0.1,0.24,-0.44
"USA-FL",2019 W37,72,6001244,1.2,75,55,95,-3,17,-23,1.23,0.89,1.57,-0.03,0.31,-0.37
"USA-FL",2019 W38,74,6002427,1.2,70,50,90,4,24,-16,1.17,0.82,1.51,0.03,0.38,-0.31
"USA-FL",2019 W39,74,6003610,1.2,74,54,94,0,20,-20,1.23,0.89,1.57,-0.03,0.31,-0.37
"USA-FL",2019 W40,64,6004794,1.1,68,48,88,-4,16,-24,1.13,0.79,1.47,-0.03,0.31,-0.37
"USA-FL",2019 W41,68,6005977,1.1,74,54,94,-6,14,-26,1.23,0.89,1.57,-0.13,0.21,-0.47
"USA-FL",2019 W42,68,6007160,1.1,73,53,93,-5,15,-25,1.2,0.86,1.54,-0.1,0.24,-0.44
"USA-FL",2019 W43,60,6008343,1,65,45,85,-5,15,-25,1.07,0.72,1.41,-0.07,0.28,-0.41
"USA-FL",2019 W44,78,6009526,1.3,72,52,92,6,26,-14,1.2,0.86,1.54,0.1,0.44,-0.24
"USA-FL",2019 W45,75,6010709,1.2,76,56,96,-1,19,-21,1.27,0.92,1.61,-0.07,0.28,-0.41
"USA-FL",2019 W46,86,6011892,1.4,82,62,102,4,24,-16,1.37,1.02,1.71,0.03,0.38,-0.31
"USA-FL",2019 W47,71,6013075,1.2,75,55,95,-4,16,-24,1.23,0.89,1.57,-0.03,0.31,-0.37
"USA-FL",2019 W48,92,6014258,1.5,79,59,99,13,33,-7,1.3,0.96,1.64,0.2,0.54,-0.14
"USA-FL",2019 W49,92,6015441,1.5,81,61,101,11,31,-9,1.33,0.99,1.67,0.17,0.51,-0.17
"USA-FL",2019 W50,74,6016624,1.2,76,56,96,-2,18,-22,1.27,0.92,1.61,-0.07,0.28,-0.41
"USA-FL",2019 W51,62,6017807,1,64,44,84,-2,18,-22,1.03,0.69,1.37,-0.03,0.31,-0.37
"USA-FL",2019 W52,75,6018990,1.2,81,61,101,-6,14,-26,1.3,0.96,1.64,-0.1,0.24,-0.44
"USA-FL",2020 W01,69,6020028,1.1,83,63,104,-14,6,-35,1.4,1.05,1.74,-0.3,0.05,-0.64
"USA-FL",2020 W02,92,6020544,1.5,76,56,97,16,36,-5,1.26,0.92,1.61,0.24,0.58,-0.11
"USA-FL",2020 W03,76,6021016,1.3,64,43,84,12,33,-8,1.03,0.68,1.38,0.27,0.62,-0.08
"USA-FL",2020 W04,82,6021488,1.4,67,47,87,15,35,-5,1.13,0.78,1.48,0.27,0.62,-0.08
"USA-FL",2020 W05,87,6021961,1.4,72,52,92,15,35,-5,1.16,0.82,1.51,0.24,0.58,-0.11
"USA-FL",2020 W06,77,6022433,1.3,82,61,102,-5,16,-25,1.33,0.98,1.68,-0.03,0.32,-0.38
"USA-FL",2020 W07,70,6022905,1.2,70,50,90,0,20,-20,1.16,0.82,1.51,0.04,0.38,-0.31
"USA-FL",2020 W08,67,6023377,1.1,73,52,93,-6,15,-26,1.2,0.85,1.54,-0.1,0.25,-0.44
"USA-FL",2020 W09,86,6023850,1.4,80,60,100,6,26,-14,1.33,0.98,1.68,0.07,0.42,-0.28
"USA-FL",2020 W10,64,6024322,1.1,69,49,89,-5,15,-25,1.13,0.78,1.48,-0.03,0.32,-0.38
"USA-FL",2020 W11,94,6024794,1.6,64,43,84,30,51,10,1.06,0.72,1.41,0.54,0.88,0.19
"USA-FL",2020 W12,79,6025267,1.3,69,49,89,10,30,-10,1.16,0.82,1.51,0.14,0.48,-0.21
"USA-FL",2020 W13,86,6025739,1.4,70,49,90,16,37,-4,1.13,0.78,1.48,0.27,0.62,-0.08
"USA-FL",2020 W14,79,6026211,1.3,68,47,88,11,32,-9,1.13,0.78,1.48,0.17,0.52,-0.18
"USA-FL",2020 W15,92,6026684,1.5,76,55,96,16,37,-4,1.26,0.92,1.61,0.24,0.58,-0.11
"USA-FL",2020 W16,70,6027156,1.2,70,49,90,0,21,-20,1.13,0.78,1.48,0.07,0.42,-0.28
"USA-FL",2020 W17,87,6027628,1.4,70,49,90,17,38,-3,1.16,0.82,1.51,0.24,0.58,-0.11
"USA-FL",2020 W18,77,6028100,1.3,73,52,93,4,25,-16,1.2,0.85,1.54,0.1,0.45,-0.24
"USA-FL",2020 W19,88,6028573,1.5,75,55,95,13,33,-7,1.26,0.92,1.61,0.24,0.58,-0.11
"USA-FL",2020 W20,77,6029045,1.3,80,59,100,-3,18,-23,1.33,0.98,1.68,-0.03,0.32,-0.38
"USA-FL",2020 W21,70,6029517,1.2,75,54,95,-5,16,-25,1.23,0.88,1.58,-0.03,0.32,-0.38
"USA-FL",2020 W22,76,6029990,1.3,75,54,95,1,22,-19,1.23,0.88,1.58,0.07,0.42,-0.28
"USA-FL",2020 W23,94,6030462,1.6,73,53,94,21,41,0,1.2,0.85,1.54,0.4,0.75,0.06
"USA-FL",2020 W24,82,6030934,1.4,72,52,92,10,30,-10,1.2,0.85,1.54,0.2,0.55,-0.14
"USA-FL",2020 W25,90,6031406,1.5,77,57,98,13,33,-8,1.26,0.92,1.61,0.24,0.58,-0.11
"USA-FL",2020 W26,92,6031879,1.5,66,45,86,26,47,6,1.06,0.72,1.41,0.44,0.78,0.09
"USA-FL",2020 W27,89,6032351,1.5,74,54,94,15,35,-5,1.23,0.88,1.58,0.27,0.62,-0.08
"USA-FL",2020 W28,68,6032823,1.1,75,55,95,-7,13,-27,1.23,0.88,1.58,-0.13,0.22,-0.48
"USA-FL",2020 W29,90,6033296,1.5,72,51,92,18,39,-2,1.2,0.85,1.54,0.3,0.65,-0.04
"USA-FL",2020 W30,71,6033768,1.2,72,51,92,-1,20,-21,1.2,0.85,1.54,0,0.35,-0.34
"USA-FL",2020 W31,87,6034240,1.4,69,49,90,18,38,-3,1.13,0.78,1.48,0.27,0.62,-0.08
"USA-FL",2020 W32,70,6034712,1.2,71,51,91,-1,19,-21,1.16,0.82,1.51,0.04,0.38,-0.31
"USA-FL",2020 W33,75,6035185,1.2,69,49,90,6,26,-15,1.13,0.78,1.48,0.07,0.42,-0.28
"USA-FL",2020 W34,72,6035657,1.2,70,50,90,2,22,-18,1.16,0.82,1.51,0.04,0.38,-0.31
"USA-FL",2020 W35,75,6036129,1.2,58,38,79,17,37,-4,0.93,0.58,1.28,0.27,0.62,-0.08
"USA-FL",2020 W36,83,6036602,1.4,71,51,91,12,32,-8,1.16,0.82,1.51,0.24,0.58,-0.11
"USA-FL",2020 W37,84,6037074,1.4,73,53,94,11,31,-10,1.2,0.85,1.54,0.2,0.55,-0.14
"USA-FL",2020 W38,87,6037546,1.4,69,48,89,18,39,-2,1.13,0.78,1.48,0.27,0.62,-0.08
"USA-FL",2020 W39,70,6038018,1.2,72,52,93,-2,18,-23,1.2,0.85,1.54,0,0.35,-0.34
"USA-FL",2020 W40,79,6038491,1.3,66,46,86,13,33,-7,1.1,0.75,1.44,0.2,0.55,-0.14
"USA-FL",2020 W41,91,6038963,1.5,73,52,93,18,39,-2,1.2,0.85,1.54,0.3,0.65,-0.04
"USA-FL",2020 W42,76,6039435,1.3,71,51,92,5,25,-16,1.16,0.82,1.51,0.14,0.48,-0.21
"USA-FL",2020 W43,70,6039908,1.2,63,43,83,7,27,-13,1.03,0.68,1.38,0.17,0.52,-0.18
"USA-FL",2020 W44,70,6040380,1.2,70,50,90,0,20,-20,1.16,0.82,1.51,0.04,0.38,-0.31
"USA-FL",2020 W45,80,6040852,1.3,74,54,94,6,26,-14,1.23,0.88,1.58,0.07,0.42,-0.28
"USA-FL",2020 W46,79,6041325,1.3,80,60,101,-1,19,-22,1.33,0.98,1.68,-0.03,0.32,-0.38
"USA-FL",2020 W47,77,6041797,1.3,73,53,93,4,24,-16,1.2,0.85,1.54,0.1,0.45,-0.24
"USA-FL",2020 W48,85,6042269,1.4,77,57,98,8,28,-13,1.26,0.92,1.61,0.14,0.48,-0.21
"USA-FL",2020 W49,76,6042741,1.3,80,59,100,-4,17,-24,1.3,0.95,1.64,0,0.35,-0.34
"USA-FL",2020 W50,57,6043214,0.9,74,54,94,-17,3,-37,1.23,0.88,1.58,-0.33,0.02,-0.68
"USA-FL",2020 W51,57,6043686,0.9,62,42,83,-5,15,-26,1,0.65,1.34,-0.1,0.25,-0.44
"USA-FL",2020 W52,63,6044158,1,79,59,99,-16,4,-36,1.26,0.92,1.61,-0.26,0.08,-0.61
"USA-FL",2020 W53,69,6044635,1.1,82,61,102,-13,8,-33,1.36,1.01,1.71,-0.26,0.09,-0.61
"USA-FL",2021 W01,70,6045163,1.2,75,54,95,-5,16,-25,1.23,0.88,1.58,-0.03,0.32,-0.38
"USA-FL",2021 W02,62,6045704,1,62,41,83,0,21,-21,1,0.64,1.35,0,0.36,-0.35
"USA-FL",2021 W03,73,6046246,1.2,65,45,86,8,28,-13,1.1,0.74,1.45,0.1,0.46,-0.25
"USA-FL",2021 W04,73,6046788,1.2,70,50,91,3,23,-18,1.13,0.78,1.48,0.07,0.42,-0.28
"USA-FL",2021 W05,79,6047330,1.3,80,59,101,-1,20,-22,1.3,0.94,1.65,0,0.36,-0.35
"USA-FL",2021 W06,83,6047872,1.4,68,48,89,15,35,-6,1.13,0.78,1.48,0.27,0.62,-0.08
"USA-FL",2021 W07,91,6048414,1.5,71,50,92,20,41,-1,1.16,0.81,1.51,0.34,0.69,-0.01
"USA-FL",2021 W08,78,6048956,1.3,78,58,99,0,20,-21,1.3,0.94,1.65,0,0.36,-0.35
"USA-FL",2021 W09,77,6049498,1.3,67,47,88,10,30,-11,1.1,0.74,1.45,0.2,0.56,-0.15
"USA-FL",2021 W10,71,6050040,1.2,62,41,83,9,30,-12,1.03,0.68,1.38,0.17,0.52,-0.18
"USA-FL",2021 W11,83,6050582,1.4,67,47,88,16,36,-5,1.13,0.78,1.48,0.27,0.62,-0.08
"USA-FL",2021 W12,78,6051124,1.3,68,47,89,10,31,-11,1.1,0.74,1.45,0.2,0.56,-0.15
"USA-FL",2021 W13,70,6051666,1.2,66,45,87,4,25,-17,1.1,0.74,1.45,0.1,0.46,-0.25
"USA-FL",2021 W14,66,6052208,1.1,74,53,95,-8,13,-29,1.23,0.88,1.58,-0.13,0.22,-0.48
"USA-FL",2021 W15,86,6052750,1.4,68,47,89,18,39,-3,1.1,0.74,1.45,0.3,0.66,-0.05
"USA-FL",2021 W16,83,6053292,1.4,68,47,89,15,36,-6,1.13,0.78,1.48,0.27,0.62,-0.08
"USA-FL",2021 W17,86,6053834,1.4,71,50,92,15,36,-6,1.16,0.81,1.51,0.24,0.59,-0.11
"USA-FL",2021 W18,89,6054376,1.5,73,53,94,16,36,-5,1.23,0.88,1.58,0.27,0.62,-0.08
"USA-FL",2021 W19,99,6054918,1.6,78,57,99,21,42,0,1.3,0.94,1.65,0.3,0.66,-0.05
"USA-FL",2021 W20,74,6055460,1.2,73,52,94,1,22,-20,1.2,0.84,1.55,0,0.36,-0.35
"USA-FL",2021 W21,92,6056002,1.5,73,52,94,19,40,-2,1.2,0.84,1.55,0.3,0.66,-0.05
"USA-FL",2021 W22,101,6056544,1.7,72,51,92,29,50,9,1.16,0.81,1.51,0.54,0.89,0.19
"USA-FL",2021 W23,83,6057086,1.4,70,50,91,13,33,-8,1.16,0.81,1.51,0.24,0.59,-0.11
"USA-FL",2021 W24,84,6057627,1.4,76,55,96,8,29,-12,1.23,0.88,1.58,0.17,0.52,-0.18
"USA-FL",2021 W25,94,6058169,1.6,64,43,85,30,51,9,1.03,0.68,1.38,0.57,0.92,0.22
"USA-FL",2021 W26,76,6058711,1.3,72,52,93,4,24,-17,1.2,0.84,1.55,0.1,0.46,-0.25
"USA-FL",2021 W27,92,6059253,1.5,73,53,94,19,39,-2,1.2,0.84,1.55,0.3,0.66,-0.05
"USA-FL",2021 W28,92,6059795,1.5,70,49,91,22,43,1,1.16,0.81,1.51,0.34,0.69,-0.01
"USA-FL",2021 W29,100,6060337,1.7,70,49,91,30,51,9,1.16,0.81,1.51,0.54,0.89,0.19
"USA-FL",2021 W30,98,6060879,1.6,68,47,88,30,51,10,1.1,0.74,1.45,0.5,0.86,0.15
"USA-FL",2021 W31,76,6061421,1.3,69,49,90,7,27,-14,1.13,0.78,1.48,0.17,0.52,-0.18
"USA-FL",2021 W32,92,6061963,1.5,68,47,88,24,45,4,1.1,0.74,1.45,0.4,0.76,0.05
"USA-FL",2021 W33,82,6062505,1.4,68,48,89,14,34,-7,1.13,0.78,1.48,0.27,0.62,-0.08
"USA-FL",2021 W34,103,6063047,1.7,57,36,77,46,67,26,0.9,0.54,1.25,0.8,1.16,0.45
"USA-FL",2021 W35,104,6063589,1.7,69,49,90,35,55,14,1.13,0.78,1.48,0.57,0.92,0.22
"USA-FL",2021 W36,89,6064131,1.5,72,51,92,17,38,-3,1.16,0.81,1.51,0.34,0.69,-0.01
"USA-FL",2021 W37,86,6064673,1.4,67,46,88,19,40,-2,1.1,0.74,1.45,0.3,0.66,-0.05
"USA-FL",2021 W38,90,6065215,1.5,71,50,91,19,40,-1,1.16,0.81,1.51,0.34,0.69,-0.01
"USA-FL",2021 W39,92,6065757,1.5,64,44,85,28,48,7,1.06,0.71,1.41,0.44,0.79,0.09
"USA-FL",2021 W40,82,6066299,1.4,71,50,92,11,32,-10,1.16,0.81,1.51,0.24,0.59,-0.11
"USA-FL",2021 W41,90,6066841,1.5,70,49,90,20,41,0,1.13,0.78,1.48,0.37,0.72,0.02
"USA-FL",2021 W42,71,6067383,1.2,61,41,82,10,30,-11,1,0.64,1.35,0.2,0.56,-0.15
"USA-FL",2021 W43,88,6067925,1.5,68,48,89,20,40,-1,1.13,0.78,1.48,0.37,0.72,0.02
"USA-FL",2021 W44,91,6068467,1.5,72,52,93,19,39,-2,1.2,0.84,1.55,0.3,0.66,-0.05
"USA-FL",2021 W45,86,6069008,1.4,79,58,99,7,28,-13,1.3,0.94,1.65,0.1,0.46,-0.25
"USA-FL",2021 W46,82,6069550,1.4,71,51,92,11,31,-10,1.16,0.81,1.51,0.24,0.59,-0.11
"USA-FL",2021 W47,83,6070092,1.4,76,55,96,7,28,-13,1.23,0.88,1.58,0.17,0.52,-0.18
"USA-FL",2021 W48,68,6070634,1.1,78,57,99,-10,11,-31,1.26,0.91,1.61,-0.16,0.19,-0.51
"USA-FL",2021 W49,73,6071176,1.2,72,52,93,1,21,-20,1.2,0.84,1.55,0,0.36,-0.35
"USA-FL",2021 W50,75,6071718,1.2,61,40,81,14,35,-6,0.96,0.61,1.31,0.24,0.59,-0.11
"USA-FL",2021 W51,70,6072260,1.2,77,57,98,-7,13,-28,1.23,0.88,1.58,-0.03,0.32,-0.38
"USA-FL",2021 W52,92,6072802,1.5,80,59,101,12,33,-9,1.33,0.97,1.69,0.17,0.53,-0.19
"USA-FL",2022 W01,98,6073344,1.6,73,52,94,25,46,4,1.19,0.83,1.56,0.41,0.77,0.04
"USA-FL",2022 W02,84,6073886,1.4,60,39,82,24,45,2,0.96,0.6,1.32,0.44,0.8,0.08
"USA-FL",2022 W03,96,6074428,1.6,64,43,85,32,53,11,1.06,0.7,1.42,0.54,0.9,0.18
"USA-FL",2022 W04,81,6074970,1.3,69,48,90,12,33,-9,1.09,0.73,1.46,0.21,0.57,-0.16
"USA-FL",2022 W05,75,6075512,1.2,78,57,100,-3,18,-25,1.26,0.9,1.62,-0.06,0.3,-0.42
"USA-FL",2022 W06,81,6076054,1.3,67,46,88,14,35,-7,1.09,0.73,1.46,0.21,0.57,-0.16
"USA-FL",2022 W07,62,6076596,1,69,48,91,-7,14,-29,1.13,0.77,1.49,-0.13,0.23,-0.49
"USA-FL",2022 W08,88,6077138,1.4,77,56,98,11,32,-10,1.26,0.9,1.62,0.14,0.5,-0.22
"USA-FL",2022 W09,93,6077680,1.5,66,45,87,27,48,6,1.06,0.7,1.42,0.44,0.8,0.08
"USA-FL",2022 W10,68,6078222,1.1,60,39,82,8,29,-14,0.99,0.63,1.36,0.11,0.47,-0.26
"USA-FL",2022 W11,71,6078764,1.2,66,45,87,5,26,-16,1.09,0.73,1.46,0.11,0.47,-0.26
"USA-FL",2022 W12,75,6079306,1.2,66,45,88,9,30,-13,1.06,0.7,1.42,0.14,0.5,-0.22
"USA-FL",2022 W13,77,6079849,1.3,64,43,86,13,34,-9,1.06,0.7,1.42,0.24,0.6,-0.12
"USA-FL",2022 W14,70,6080391,1.2,72,51,94,-2,19,-24,1.19,0.83,1.56,0.01,0.37,-0.36
"USA-FL",2022 W15,77,6080933,1.3,66,45,88,11,32,-11,1.06,0.7,1.42,0.24,0.6,-0.12
"USA-FL",2022 W16,77,6081475,1.3,66,45,88,11,32,-11,1.09,0.73,1.46,0.21,0.57,-0.16
"USA-FL",2022 W17,76,6082017,1.2,69,48,91,7,28,-15,1.13,0.77,1.49,0.07,0.43,-0.29
"USA-FL",2022 W18,79,6082559,1.3,72,51,93,7,28,-14,1.19,0.83,1.56,0.11,0.47,-0.26
"USA-FL",2022 W19,68,6083101,1.1,76,55,98,-8,13,-30,1.26,0.9,1.62,-0.16,0.2,-0.52
"USA-FL",2022 W20,79,6083643,1.3,71,50,93,8,29,-14,1.16,0.8,1.52,0.14,0.5,-0.22
"USA-FL",2022 W21,72,6084185,1.2,71,50,93,1,22,-21,1.16,0.8,1.52,0.04,0.4,-0.32
"USA-FL",2022 W22,93,6084727,1.5,70,49,91,23,44,2,1.13,0.77,1.49,0.37,0.73,0.01
"USA-FL",2022 W23,83,6085269,1.4,69,48,90,14,35,-7,1.13,0.77,1.49,0.27,0.63,-0.09
"USA-FL",2022 W24,89,6085811,1.5,74,53,95,15,36,-6,1.19,0.83,1.56,0.31,0.67,-0.06
"USA-FL",2022 W25,85,6086353,1.4,62,41,84,23,44,1,0.99,0.63,1.36,0.41,0.77,0.04
"USA-FL",2022 W26,79,6086895,1.3,71,50,92,8,29,-13,1.16,0.8,1.52,0.14,0.5,-0.22
"USA-FL",2022 W27,87,6087437,1.4,72,51,93,15,36,-6,1.16,0.8,1.52,0.24,0.6,-0.12
"USA-FL",2022 W28,81,6087979,1.3,68,47,90,13,34,-9,1.13,0.77,1.49,0.17,0.53,-0.19
"USA-FL",2022 W29,90,6088521,1.5,68,47,90,22,43,0,1.13,0.77,1.49,0.37,0.73,0.01
"USA-FL",2022 W30,82,6089063,1.3,66,45,87,16,37,-5,1.06,0.7,1.42,0.24,0.6,-0.12
"USA-FL",2022 W31,86,6089605,1.4,68,47,89,18,39,-3,1.09,0.73,1.46,0.31,0.67,-0.06
"USA-FL",2022 W32,80,6090147,1.3,66,45,87,14,35,-7,1.06,0.7,1.42,0.24,0.6,-0.12
"USA-FL",2022 W33,70,6090689,1.1,67,46,88,3,24,-18,1.09,0.73,1.46,0.01,0.37,-0.36
"USA-FL",2022 W34,73,6091231,1.2,55,34,76,18,39,-3,0.86,0.5,1.22,0.34,0.7,-0.02
"USA-FL",2022 W35,83,6091773,1.4,68,47,89,15,36,-6,1.09,0.73,1.46,0.31,0.67,-0.06
"USA-FL",2022 W36,80,6092315,1.3,70,49,91,10,31,-11,1.13,0.77,1.49,0.17,0.53,-0.19
"USA-FL",2022 W37,83,6092857,1.4,65,44,87,18,39,-4,1.06,0.7,1.42,0.34,0.7,-0.02
"USA-FL",2022 W38,74,6093399,1.2,69,48,90,5,26,-16,1.13,0.77,1.49,0.07,0.43,-0.29
"USA-FL",2022 W39,83,6093941,1.4,63,42,84,20,41,-1,1.03,0.67,1.39,0.37,0.73,0.01
"USA-FL",2022 W40,70,6094483,1.1,69,48,91,1,22,-21,1.13,0.77,1.49,-0.03,0.33,-0.39
"USA-FL",2022 W41,83,6095025,1.4,68,47,89,15,36,-6,1.09,0.73,1.46,0.31,0.67,-0.06
"USA-FL",2022 W42,80,6095567,1.3,60,39,81,20,41,-1,0.96,0.6,1.32,0.34,0.7,-0.02
"USA-FL",2022 W43,85,6096109,1.4,67,46,88,18,39,-3,1.09,0.73,1.46,0.31,0.67,-0.06
"USA-FL",2022 W44,91,6096651,1.5,71,50,92,20,41,-1,1.16,0.8,1.52,0.34,0.7,-0.02
"USA-FL",2022 W45,72,6097193,1.2,77,56,98,-5,16,-26,1.26,0.9,1.62,-0.06,0.3,-0.42
"USA-FL",2022 W46,72,6097736,1.2,70,49,91,2,23,-19,1.13,0.77,1.49,0.07,0.43,-0.29
"USA-FL",2022 W47,82,6098278,1.3,74,53,95,8,29,-13,1.19,0.83,1.56,0.11,0.47,-0.26
"USA-FL",2022 W48,67,6098820,1.1,76,55,98,-9,12,-31,1.23,0.87,1.59,-0.13,0.23,-0.49
"USA-FL",2022 W49,79,6099362,1.3,71,50,92,8,29,-13,1.16,0.8,1.52,0.14,0.5,-0.22
"USA-FL",2022 W50,84,6099904,1.4,59,38,80,25,46,4,0.93,0.57,1.29,0.47,0.83,0.11
"USA-FL",2022 W51,81,6100446,1.3,76,55,97,5,26,-16,1.19,0.83,1.56,0.11,0.47,-0.26
"USA-FL",2022 W52,102,6100988,1.7,78,57,100,24,45,2,1.29,0.92,1.66,0.41,0.78,0.04
"USA-FL",2023 W01,83,6101530,1.4,71,50,93,12,33,-10,1.16,0.79,1.53,0.24,0.61,-0.13
"USA-FL",2023 W02,93,6102072,1.5,59,37,81,34,56,12,0.93,0.56,1.3,0.57,0.94,0.2
"USA-FL",2023 W03,71,6102614,1.2,62,40,84,9,31,-13,1.03,0.66,1.4,0.17,0.54,-0.2
"USA-FL",2023 W04,66,6103156,1.1,67,45,89,-1,21,-23,1.06,0.69,1.43,0.04,0.41,-0.33
"USA-FL",2023 W05,96,6103698,1.6,77,55,99,19,41,-3,1.23,0.86,1.6,0.37,0.74,0
"USA-FL",2023 W06,74,6104240,1.2,65,43,87,9,31,-13,1.06,0.69,1.43,0.14,0.51,-0.23
"USA-FL",2023 W07,64,6104782,1,68,46,90,-4,18,-26,1.09,0.72,1.46,-0.09,0.28,-0.46
"USA-FL",2023 W08,85,6105324,1.4,75,53,97,10,32,-12,1.23,0.86,1.6,0.17,0.54,-0.2
"USA-FL",2023 W09,72,6105866,1.2,64,42,86,8,30,-14,1.03,0.66,1.4,0.17,0.54,-0.2
"USA-FL",2023 W10,82,6106408,1.3,59,37,81,23,45,1,0.96,0.59,1.33,0.34,0.71,-0.03
"USA-FL",2023 W11,90,6106950,1.5,64,42,86,26,48,4,1.06,0.69,1.43,0.44,0.81,0.07
"USA-FL",2023 W12,71,6107492,1.2,65,43,87,6,28,-16,1.03,0.66,1.4,0.17,0.54,-0.2
"USA-FL",2023 W13,75,6108034,1.2,63,41,85,12,34,-10,1.03,0.66,1.4,0.17,0.54,-0.2
"USA-FL",2023 W14,86,6108576,1.4,71,49,93,15,37,-7,1.16,0.79,1.53,0.24,0.61,-0.13
"USA-FL",2023 W15,67,6109118,1.1,65,43,87,2,24,-20,1.03,0.66,1.4,0.07,0.44,-0.3
"USA-FL",2023 W16,89,6109660,1.5,65,43,87,24,46,2,1.06,0.69,1.43,0.44,0.81,0.07
"USA-FL",2023 W17,68,6110202,1.1,68,46,90,0,22,-22,1.09,0.72,1.46,0.01,0.38,-0.36
"USA-FL",2023 W18,84,6110744,1.4,70,48,92,14,36,-8,1.16,0.79,1.53,0.24,0.61,-0.13
"USA-FL",2023 W19,86,6111286,1.4,75,53,97,11,33,-11,1.23,0.86,1.6,0.17,0.54,-0.2
"USA-FL",2023 W20,73,6111828,1.2,70,48,92,3,25,-19,1.13,0.76,1.5,0.07,0.44,-0.3
"USA-FL",2023 W21,87,6112370,1.4,70,48,92,17,39,-5,1.13,0.76,1.5,0.27,0.64,-0.1
"USA-FL",2023 W22,85,6112912,1.4,68,47,90,17,38,-5,1.09,0.72,1.46,0.31,0.68,-0.06
"USA-FL",2023 W23,70,6113454,1.1,67,45,89,3,25,-19,1.09,0.72,1.46,0.01,0.38,-0.36
"USA-FL",2023 W24,72,6113996,1.2,72,51,94,0,21,-22,1.16,0.79,1.53,0.04,0.41,-0.33
"USA-FL",2023 W25,80,6114538,1.3,61,39,83,19,41,-3,0.96,0.59,1.33,0.34,0.71,-0.03
"USA-FL",2023 W26,79,6115080,1.3,69,47,91,10,32,-12,1.13,0.76,1.5,0.17,0.54,-0.2
"USA-FL",2023 W27,56,6115621,0.9,70,48,92,-14,8,-36,1.13,0.76,1.5,-0.23,0.14,-0.6
"USA-FL",2023 W28,32,6116163,0.5,67,45,89,-35,-13,-57,1.09,0.72,1.46,-0.59,-0.22,-0.96
"USA-IL",2017 W01,37,4071342,0.9,47,32,62,-10,5,-25,1.17,0.79,1.54,-0.27,0.11,-0.64
"USA-IL",2017 W02,47,4070257,1.2,46,31,61,1,16,-14,1.17,0.79,1.54,0.03,0.41,-0.34
"USA-IL",2017 W03,60,4069171,1.5,47,32,62,13,28,-2,1.17,0.79,1.54,0.33,0.71,-0.04
"USA-IL",2017 W04,40,4068086,1,42,27,57,-2,13,-17,1.03,0.66,1.41,-0.03,0.34,-0.41
"USA-IL",2017 W05,43,4067001,1.1,44,29,59,-1,14,-16,1.1,0.72,1.48,0,0.38,-0.38
"USA-IL",2017 W06,47,4065916,1.2,45,30,60,2,17,-13,1.1,0.72,1.48,0.1,0.48,-0.28
"USA-IL",2017 W07,62,4064831,1.5,51,36,66,11,26,-4,1.27,0.89,1.64,0.23,0.61,-0.14
"USA-IL",2017 W08,59,4063745,1.5,56,41,71,3,18,-12,1.43,1.06,1.81,0.07,0.44,-0.31
"USA-IL",2017 W09,45,4062660,1.1,49,34,64,-4,11,-19,1.2,0.82,1.58,-0.1,0.28,-0.48
"USA-IL",2017 W10,52,4061575,1.3,46,31,61,6,21,-9,1.13,0.76,1.51,0.17,0.54,-0.21
"USA-IL",2017 W11,42,4060490,1,46,31,61,-4,11,-19,1.1,0.72,1.48,-0.1,0.28,-0.48
"USA-IL",2017 W12,43,4059405,1.1,49,34,64,-6,9,-21,1.23,0.86,1.61,-0.13,0.24,-0.51
"USA-IL",2017 W13,44,4058319,1.1,50,35,65,-6,9,-21,1.23,0.86,1.61,-0.13,0.24,-0.51
"USA-IL",2017 W14,39,4057234,1,47,32,62,-8,7,-23,1.17,0.79,1.54,-0.17,0.21,-0.54
"USA-IL",2017 W15,39,4056149,1,44,29,59,-5,10,-20,1.1,0.72,1.48,-0.1,0.28,-0.48
"USA-IL",2017 W16,47,4055064,1.2,51,36,66,-4,11,-19,1.3,0.92,1.68,-0.1,0.28,-0.48
"USA-IL",2017 W17,41,4053979,1,46,31,61,-5,10,-20,1.13,0.76,1.51,-0.13,0.24,-0.51
"USA-IL",2017 W18,41,4052893,1,44,29,59,-3,12,-18,1.1,0.72,1.48,-0.1,0.28,-0.48
"USA-IL",2017 W19,57,4051808,1.4,58,43,73,-1,14,-16,1.43,1.06,1.81,-0.03,0.34,-0.41
"USA-IL",2017 W20,45,4050723,1.1,51,36,66,-6,9,-21,1.27,0.89,1.64,-0.17,0.21,-0.54
"USA-IL",2017 W21,51,4049638,1.3,46,31,61,5,20,-10,1.17,0.79,1.54,0.13,0.51,-0.24
"USA-IL",2017 W22,64,4048552,1.6,54,39,69,10,25,-5,1.37,0.99,1.74,0.23,0.61,-0.14
"USA-IL",2017 W23,55,4047467,1.4,48,33,63,7,22,-8,1.2,0.82,1.58,0.2,0.58,-0.18
"USA-IL",2017 W24,57,4046382,1.4,53,38,68,4,19,-11,1.33,0.96,1.71,0.07,0.44,-0.31
"USA-IL",2017 W25,55,4045297,1.4,48,33,63,7,22,-8,1.23,0.86,1.61,0.17,0.54,-0.21
"USA-IL",2017 W26,51,4044212,1.3,48,33,63,3,18,-12,1.23,0.86,1.61,0.07,0.44,-0.31
"USA-IL",2017 W27,56,4043126,1.4,51,36,66,5,20,-10,1.27,0.89,1.64,0.13,0.51,-0.24
"USA-IL",2017 W28,54,4042041,1.3,57,42,72,-3,12,-18,1.4,1.02,1.78,-0.1,0.28,-0.48
"USA-IL",2017 W29,34,4040956,0.8,44,29,59,-10,5,-25,1.07,0.69,1.44,-0.27,0.11,-0.64
"USA-IL",2017 W30,59,4039871,1.5,56,41,71,3,18,-12,1.4,1.02,1.78,0.1,0.48,-0.28
"USA-IL",2017 W31,47,4038786,1.2,53,38,68,-6,9,-21,1.33,0.96,1.71,-0.13,0.24,-0.51
"USA-IL",2017 W32,45,4037700,1.1,52,37,67,-7,8,-22,1.3,0.92,1.68,-0.2,0.18,-0.58
"USA-IL",2017 W33,48,4036615,1.2,48,33,63,0,15,-15,1.2,0.82,1.58,0,0.38,-0.38
"USA-IL",2017 W34,46,4035530,1.1,47,32,62,-1,14,-16,1.17,0.79,1.54,-0.07,0.31,-0.44
"USA-IL",2017 W35,50,4034445,1.2,54,39,69,-4,11,-19,1.33,0.96,1.71,-0.13,0.24,-0.51
"USA-IL",2017 W36,51,4033359,1.3,46,31,61,5,20,-10,1.17,0.79,1.54,0.13,0.51,-0.24
"USA-IL",2017 W37,55,4032274,1.4,56,41,71,-1,14,-16,1.4,1.02,1.78,0,0.38,-0.38
"USA-IL",2017 W38,53,4031189,1.3,49,34,64,4,19,-11,1.23,0.86,1.61,0.07,0.44,-0.31
"USA-IL",2017 W39,43,4030104,1.1,45,30,60,-2,13,-17,1.13,0.76,1.51,-0.03,0.34,-0.41
"USA-IL",2017 W40,55,4029019,1.4,47,32,62,8,23,-7,1.17,0.79,1.54,0.23,0.61,-0.14
"USA-IL",2017 W41,40,4027933,1,46,31,61,-6,9,-21,1.13,0.76,1.51,-0.13,0.24,-0.51
"USA-IL",2017 W42,49,4026848,1.2,50,35,65,-1,14,-16,1.23,0.86,1.61,-0.03,0.34,-0.41
"USA-IL",2017 W43,58,4025763,1.4,52,37,67,6,21,-9,1.27,0.89,1.64,0.13,0.51,-0.24
"USA-IL",2017 W44,52,4024678,1.3,51,36,66,1,16,-14,1.27,0.89,1.64,0.03,0.41,-0.34
"USA-IL",2017 W45,45,4023593,1.1,44,29,59,1,16,-14,1.1,0.72,1.48,0,0.38,-0.38
"USA-IL",2017 W46,49,4022507,1.2,43,28,58,6,21,-9,1.07,0.69,1.44,0.13,0.51,-0.24
"USA-IL",2017 W47,43,4021422,1.1,49,34,64,-6,9,-21,1.23,0.86,1.61,-0.13,0.24,-0.51
"USA-IL",2017 W48,40,4020337,1,45,30,60,-5,10,-20,1.1,0.72,1.48,-0.1,0.28,-0.48
"USA-IL",2017 W49,40,4019252,1,45,30,60,-5,10,-20,1.1,0.72,1.48,-0.1,0.28,-0.48
"USA-IL",2017 W50,48,4018167,1.2,51,36,66,-3,12,-18,1.23,0.86,1.61,-0.03,0.34,-0.41
"USA-IL",2017 W51,50,4017081,1.2,47,32,62,3,18,-12,1.17,0.79,1.54,0.03,0.41,-0.34
"USA-IL",2017 W52,37,4015996,0.9,44,29,59,-7,8,-22,1.07,0.69,1.44,-0.17,0.21,-0.54
"USA-IL",2018 W01,52,4014913,1.3,43,28,58,9,24,-6,1.07,0.69,1.44,0.23,0.61,-0.14
"USA-IL",2018 W02,47,4013832,1.2,41,26,56,6,21,-9,1.07,0.69,1.44,0.13,0.51,-0.24
"USA-IL",2018 W03,37,4012750,0.9,43,28,58,-6,9,-21,1.07,0.69,1.44,-0.17,0.21,-0.54
"USA-IL",2018 W04,42,4011669,1,38,23,53,4,19,-11,0.93,0.56,1.31,0.07,0.44,-0.31
"USA-IL",2018 W05,38,4010588,0.9,40,25,55,-2,13,-17,1,0.62,1.38,-0.1,0.28,-0.48
"USA-IL",2018 W06,38,4009507,0.9,41,26,56,-3,12,-18,1,0.62,1.38,-0.1,0.28,-0.48
"USA-IL",2018 W07,47,4008426,1.2,47,32,62,0,15,-15,1.17,0.79,1.54,0.03,0.41,-0.34
"USA-IL",2018 W08,55,4007345,1.4,52,37,67,3,18,-12,1.33,0.96,1.71,0.07,0.44,-0.31
"USA-IL",2018 W09,45,4006264,1.1,45,30,60,0,15,-15,1.1,0.72,1.48,0,0.38,-0.38
"USA-IL",2018 W10,36,4005183,0.9,41,26,56,-5,10,-20,1.03,0.66,1.41,-0.13,0.24,-0.51
"USA-IL",2018 W11,46,4004102,1.1,42,27,57,4,19,-11,1,0.62,1.38,0.1,0.48,-0.28
"USA-IL",2018 W12,52,4003020,1.3,44,29,59,8,23,-7,1.13,0.76,1.51,0.17,0.54,-0.21
"USA-IL",2018 W13,50,4001939,1.2,46,31,61,4,19,-11,1.13,0.76,1.51,0.07,0.44,-0.31
"USA-IL",2018 W14,38,4000858,0.9,43,28,58,-5,10,-20,1.07,0.69,1.44,-0.17,0.21,-0.54
"USA-IL",2018 W15,45,3999777,1.1,39,24,54,6,21,-9,1,0.62,1.38,0.1,0.48,-0.28
"USA-IL",2018 W16,46,3998696,1.2,46,31,61,0,15,-15,1.2,0.82,1.58,0,0.38,-0.38
"USA-IL",2018 W17,45,3997615,1.1,42,27,57,3,18,-12,1.03,0.66,1.41,0.07,0.44,-0.31
"USA-IL",2018 W18,42,3996534,1.1,40,25,55,2,17,-13,1,0.62,1.38,0.1,0.48,-0.28
"USA-IL",2018 W19,51,3995453,1.3,53,38,68,-2,13,-17,1.33,0.96,1.71,-0.03,0.34,-0.41
"USA-IL",2018 W20,46,3994372,1.2,46,31,61,0,15,-15,1.17,0.79,1.54,0.03,0.41,-0.34
"USA-IL",2018 W21,32,3993291,0.8,42,27,57,-10,5,-25,1.07,0.69,1.44,-0.27,0.11,-0.64
"USA-IL",2018 W22,36,3992209,0.9,50,35,65,-14,1,-29,1.27,0.89,1.64,-0.37,0.01,-0.74
"USA-IL",2018 W23,40,3991128,1,43,28,58,-3,12,-18,1.1,0.72,1.48,-0.1,0.28,-0.48
"USA-IL",2018 W24,46,3990047,1.2,49,34,64,-3,12,-18,1.23,0.86,1.61,-0.03,0.34,-0.41
"USA-IL",2018 W25,42,3988966,1.1,44,29,59,-2,13,-17,1.13,0.76,1.51,-0.03,0.34,-0.41
"USA-IL",2018 W26,43,3987885,1.1,44,29,59,-1,14,-16,1.13,0.76,1.51,-0.03,0.34,-0.41
"USA-IL",2018 W27,48,3986804,1.2,47,32,62,1,16,-14,1.17,0.79,1.54,0.03,0.41,-0.34
"USA-IL",2018 W28,52,3985723,1.3,53,38,68,-1,14,-16,1.3,0.92,1.68,0,0.38,-0.38
"USA-IL",2018 W29,52,3984642,1.3,40,25,55,12,27,-3,0.97,0.59,1.34,0.33,0.71,-0.04
"USA-IL",2018 W30,46,3983561,1.2,51,36,66,-5,10,-20,1.3,0.92,1.68,-0.1,0.28,-0.48
"USA-IL",2018 W31,55,3982479,1.4,49,34,64,6,21,-9,1.23,0.86,1.61,0.17,0.54,-0.21
"USA-IL",2018 W32,53,3981398,1.3,48,33,63,5,20,-10,1.2,0.82,1.58,0.1,0.48,-0.28
"USA-IL",2018 W33,50,3980317,1.3,44,29,59,6,21,-9,1.1,0.72,1.48,0.2,0.58,-0.18
"USA-IL",2018 W34,51,3979236,1.3,43,28,58,8,23,-7,1.07,0.69,1.44,0.23,0.61,-0.14
"USA-IL",2018 W35,61,3978155,1.5,50,35,65,11,26,-4,1.23,0.86,1.61,0.27,0.64,-0.11
"USA-IL",2018 W36,49,3977074,1.2,42,27,57,7,22,-8,1.07,0.69,1.44,0.13,0.51,-0.24
"USA-IL",2018 W37,51,3975993,1.3,51,36,66,0,15,-15,1.3,0.92,1.68,0,0.38,-0.38
"USA-IL",2018 W38,43,3974912,1.1,45,30,60,-2,13,-17,1.13,0.76,1.51,-0.03,0.34,-0.41
"USA-IL",2018 W39,39,3973831,1,40,25,55,-1,14,-16,1.03,0.66,1.41,-0.03,0.34,-0.41
"USA-IL",2018 W40,36,3972750,0.9,43,28,58,-7,8,-22,1.07,0.69,1.44,-0.17,0.21,-0.54
"USA-IL",2018 W41,49,3971668,1.2,41,26,56,8,23,-7,1.03,0.66,1.41,0.17,0.54,-0.21
"USA-IL",2018 W42,40,3970587,1,46,31,61,-6,9,-21,1.13,0.76,1.51,-0.13,0.24,-0.51
"USA-IL",2018 W43,45,3969506,1.1,47,32,62,-2,13,-17,1.17,0.79,1.54,-0.07,0.31,-0.44
"USA-IL",2018 W44,44,3968425,1.1,47,32,62,-3,12,-18,1.17,0.79,1.54,-0.07,0.31,-0.44
"USA-IL",2018 W45,40,3967344,1,40,25,55,0,15,-15,1,0.62,1.38,0,0.38,-0.38
"USA-IL",2018 W46,39,3966263,1,38,23,53,1,16,-14,0.97,0.59,1.34,0.03,0.41,-0.34
"USA-IL",2018 W47,46,3965182,1.2,45,30,60,1,16,-14,1.13,0.76,1.51,0.07,0.44,-0.31
"USA-IL",2018 W48,53,3964101,1.3,40,25,55,13,28,-2,1,0.62,1.38,0.3,0.68,-0.08
"USA-IL",2018 W49,41,3963020,1,41,26,56,0,15,-15,1,0.62,1.38,0,0.38,-0.38
"USA-IL",2018 W50,45,3961938,1.1,46,31,61,-1,14,-16,1.13,0.76,1.51,-0.03,0.34,-0.41
"USA-IL",2018 W51,32,3960857,0.8,43,28,58,-11,4,-26,1.07,0.69,1.44,-0.27,0.11,-0.64
"USA-IL",2018 W52,43,3959776,1.1,39,24,54,4,19,-11,0.97,0.59,1.34,0.13,0.51,-0.24
"USA-IL",2019 W01,39,3959323,1,38,23,53,1,16,-14,0.97,0.59,1.34,0.03,0.41,-0.34
"USA-IL",2019 W02,30,3960249,0.8,37,22,52,-7,8,-22,0.97,0.59,1.34,-0.17,0.21,-0.54
"USA-IL",2019 W03,32,3961218,0.8,39,24,54,-7,8,-22,0.97,0.59,1.34,-0.17,0.21,-0.54
"USA-IL",2019 W04,32,3962186,0.8,34,19,49,-2,13,-17,0.83,0.46,1.21,-0.03,0.34,-0.41
"USA-IL",2019 W05,38,3963155,1,35,20,50,3,18,-12,0.9,0.52,1.28,0.1,0.48,-0.28
"USA-IL",2019 W06,37,3964123,0.9,36,21,51,1,16,-14,0.9,0.52,1.28,0,0.38,-0.38
"USA-IL",2019 W07,32,3965091,0.8,43,28,58,-11,4,-26,1.07,0.69,1.44,-0.27,0.11,-0.64
"USA-IL",2019 W08,42,3966060,1.1,48,33,63,-6,9,-21,1.23,0.86,1.61,-0.13,0.24,-0.51
"USA-IL",2019 W09,44,3967028,1.1,40,25,55,4,19,-11,1,0.62,1.38,0.1,0.48,-0.28
"USA-IL",2019 W10,36,3967997,0.9,37,22,52,-1,14,-16,0.93,0.56,1.31,-0.03,0.34,-0.41
"USA-IL",2019 W11,37,3968965,0.9,37,22,52,0,15,-15,0.9,0.52,1.28,0,0.38,-0.38
"USA-IL",2019 W12,38,3969934,1,40,25,55,-2,13,-17,1.03,0.66,1.41,-0.03,0.34,-0.41
"USA-IL",2019 W13,43,3970902,1.1,41,26,56,2,17,-13,1.03,0.66,1.41,0.07,0.44,-0.31
"USA-IL",2019 W14,51,3971871,1.3,38,23,53,13,28,-2,0.97,0.59,1.34,0.33,0.71,-0.04
"USA-IL",2019 W15,34,3972839,0.9,35,20,50,-1,14,-16,0.9,0.52,1.28,0,0.38,-0.38
"USA-IL",2019 W16,46,3973808,1.2,42,27,57,4,19,-11,1.1,0.72,1.48,0.1,0.48,-0.28
"USA-IL",2019 W17,39,3974776,1,37,22,52,2,17,-13,0.93,0.56,1.31,0.07,0.44,-0.31
"USA-IL",2019 W18,37,3975744,0.9,36,21,51,1,16,-14,0.9,0.52,1.28,0,0.38,-0.38
"USA-IL",2019 W19,52,3976713,1.3,49,34,64,3,18,-12,1.23,0.86,1.61,0.07,0.44,-0.31
"USA-IL",2019 W20,48,3977681,1.2,42,27,57,6,21,-9,1.07,0.69,1.44,0.13,0.51,-0.24
"USA-IL",2019 W21,43,3978650,1.1,38,23,53,5,20,-10,0.97,0.59,1.34,0.13,0.51,-0.24
"USA-IL",2019 W22,50,3979618,1.3,46,31,61,4,19,-11,1.17,0.79,1.54,0.13,0.51,-0.24
"USA-IL",2019 W23,35,3980587,0.9,39,24,54,-4,11,-19,1,0.62,1.38,-0.1,0.28,-0.48
"USA-IL",2019 W24,44,3981555,1.1,45,30,60,-1,14,-16,1.13,0.76,1.51,-0.03,0.34,-0.41
"USA-IL",2019 W25,35,3982524,0.9,40,25,55,-5,10,-20,1.03,0.66,1.41,-0.13,0.24,-0.51
"USA-IL",2019 W26,38,3983492,1,40,25,55,-2,13,-17,1.03,0.66,1.41,-0.03,0.34,-0.41
"USA-IL",2019 W27,37,3984461,0.9,43,28,58,-6,9,-21,1.07,0.69,1.44,-0.17,0.21,-0.54
"USA-IL",2019 W28,53,3985429,1.3,49,34,64,4,19,-11,1.2,0.82,1.58,0.1,0.48,-0.28
"USA-IL",2019 W29,33,3986397,0.8,35,20,50,-2,13,-17,0.87,0.49,1.24,-0.07,0.31,-0.44
"USA-IL",2019 W30,49,3987366,1.2,47,32,62,2,17,-13,1.2,0.82,1.58,0,0.38,-0.38
"USA-IL",2019 W31,44,3988334,1.1,44,29,59,0,15,-15,1.13,0.76,1.51,-0.03,0.34,-0.41
"USA-IL",2019 W32,46,3989303,1.2,44,29,59,2,17,-13,1.1,0.72,1.48,0.1,0.48,-0.28
"USA-IL",2019 W33,33,3990271,0.8,39,24,54,-6,9,-21,1,0.62,1.38,-0.2,0.18,-0.58
"USA-IL",2019 W34,32,3991240,0.8,39,24,54,-7,8,-22,0.97,0.59,1.34,-0.17,0.21,-0.54
"USA-IL",2019 W35,39,3992208,1,46,31,61,-7,8,-22,1.13,0.76,1.51,-0.13,0.24,-0.51
"USA-IL",2019 W36,26,3993177,0.7,38,23,53,-12,3,-27,0.97,0.59,1.34,-0.27,0.11,-0.64
"USA-IL",2019 W37,48,3994145,1.2,47,32,62,1,16,-14,1.2,0.82,1.58,0,0.38,-0.38
"USA-IL",2019 W38,39,3995114,1,41,26,56,-2,13,-17,1.03,0.66,1.41,-0.03,0.34,-0.41
"USA-IL",2019 W39,39,3996082,1,36,21,51,3,18,-12,0.93,0.56,1.31,0.07,0.44,-0.31
"USA-IL",2019 W40,37,3997050,0.9,38,23,53,-1,14,-16,0.97,0.59,1.34,-0.07,0.31,-0.44
"USA-IL",2019 W41,35,3998019,0.9,37,22,52,-2,13,-17,0.93,0.56,1.31,-0.03,0.34,-0.41
"USA-IL",2019 W42,49,3998987,1.2,42,27,57,7,22,-8,1.03,0.66,1.41,0.17,0.54,-0.21
"USA-IL",2019 W43,39,3999956,1,43,28,58,-4,11,-19,1.07,0.69,1.44,-0.07,0.31,-0.44
"USA-IL",2019 W44,45,4000924,1.1,43,28,58,2,17,-13,1.07,0.69,1.44,0.03,0.41,-0.34
"USA-IL",2019 W45,35,4001893,0.9,36,21,51,-1,14,-16,0.9,0.52,1.28,0,0.38,-0.38
"USA-IL",2019 W46,27,4002861,0.7,34,19,49,-7,8,-22,0.87,0.49,1.24,-0.17,0.21,-0.54
"USA-IL",2019 W47,46,4003830,1.1,41,26,56,5,20,-10,1.03,0.66,1.41,0.07,0.44,-0.31
"USA-IL",2019 W48,28,4004798,0.7,36,21,51,-8,7,-23,0.9,0.52,1.28,-0.2,0.18,-0.58
"USA-IL",2019 W49,42,4005767,1,37,22,52,5,20,-10,0.9,0.52,1.28,0.1,0.48,-0.28
"USA-IL",2019 W50,46,4006735,1.1,42,27,57,4,19,-11,1.03,0.66,1.41,0.07,0.44,-0.31
"USA-IL",2019 W51,47,4007703,1.2,39,24,54,8,23,-7,0.97,0.59,1.34,0.23,0.61,-0.14
"USA-IL",2019 W52,38,4008672,0.9,35,20,50,3,18,-12,0.87,0.49,1.24,0.03,0.41,-0.34
"USA-IL",2020 W01,43,4009184,1.1,34,19,49,9,24,-6,0.86,0.48,1.25,0.24,0.62,-0.15
"USA-IL",2020 W02,29,4008055,0.7,33,18,48,-4,11,-19,0.86,0.48,1.25,-0.16,0.22,-0.55
"USA-IL",2020 W03,33,4006788,0.8,34,19,50,-1,14,-17,0.86,0.48,1.25,-0.06,0.32,-0.45
"USA-IL",2020 W04,30,4005522,0.7,29,14,45,1,16,-15,0.73,0.35,1.11,-0.03,0.35,-0.41
"USA-IL",2020 W05,48,4004255,1.2,31,16,46,17,32,2,0.8,0.42,1.18,0.4,0.78,0.02
"USA-IL",2020 W06,37,4002989,0.9,32,17,47,5,20,-10,0.8,0.42,1.18,0.1,0.48,-0.28
"USA-IL",2020 W07,41,4001723,1,38,23,54,3,18,-13,0.96,0.58,1.35,0.04,0.42,-0.35
"USA-IL",2020 W08,36,4000456,0.9,43,28,59,-7,8,-23,1.13,0.75,1.51,-0.23,0.15,-0.61
"USA-IL",2020 W09,40,3999190,1,36,21,51,4,19,-11,0.9,0.52,1.28,0.1,0.48,-0.28
"USA-IL",2020 W10,35,3997923,0.9,33,18,48,2,17,-13,0.83,0.45,1.21,0.07,0.45,-0.31
"USA-IL",2020 W11,43,3996657,1.1,33,18,48,10,25,-5,0.8,0.42,1.18,0.3,0.68,-0.08
"USA-IL",2020 W12,44,3995391,1.1,36,21,51,8,23,-7,0.93,0.55,1.31,0.17,0.55,-0.21
"USA-IL",2020 W13,42,3994124,1.1,37,22,52,5,20,-10,0.93,0.55,1.31,0.17,0.55,-0.21
"USA-IL",2020 W14,40,3992858,1,34,19,49,6,21,-9,0.86,0.48,1.25,0.14,0.52,-0.25
"USA-IL",2020 W15,36,3991591,0.9,31,16,46,5,20,-10,0.8,0.42,1.18,0.1,0.48,-0.28
"USA-IL",2020 W16,41,3990325,1,38,23,53,3,18,-12,1,0.62,1.38,0,0.38,-0.38
"USA-IL",2020 W17,57,3989059,1.4,33,18,48,24,39,9,0.83,0.45,1.21,0.57,0.95,0.19
"USA-IL",2020 W18,41,3987792,1,31,16,47,10,25,-6,0.8,0.42,1.18,0.2,0.58,-0.18
"USA-IL",2020 W19,52,3986526,1.3,45,30,60,7,22,-8,1.13,0.75,1.51,0.17,0.55,-0.21
"USA-IL",2020 W20,36,3985259,0.9,38,23,53,-2,13,-17,0.96,0.58,1.35,-0.06,0.32,-0.45
"USA-IL",2020 W21,42,3983993,1.1,33,18,49,9,24,-7,0.86,0.48,1.25,0.24,0.62,-0.15
"USA-IL",2020 W22,57,3982727,1.4,41,26,57,16,31,0,1.06,0.68,1.45,0.34,0.72,-0.05
"USA-IL",2020 W23,68,3981460,1.7,35,20,50,33,48,18,0.9,0.52,1.28,0.8,1.18,0.42
"USA-IL",2020 W24,43,3980194,1.1,40,25,56,3,18,-13,1.03,0.65,1.41,0.07,0.45,-0.31
"USA-IL",2020 W25,58,3978927,1.5,35,20,51,23,38,7,0.93,0.55,1.31,0.57,0.95,0.19
"USA-IL",2020 W26,41,3977661,1,35,20,51,6,21,-10,0.93,0.55,1.31,0.07,0.45,-0.31
"USA-IL",2020 W27,58,3976394,1.5,38,23,54,20,35,4,0.96,0.58,1.35,0.54,0.92,0.15
"USA-IL",2020 W28,61,3975128,1.5,44,29,60,17,32,1,1.1,0.72,1.48,0.4,0.78,0.02
"USA-IL",2020 W29,46,3973862,1.2,31,16,46,15,30,0,0.76,0.38,1.15,0.44,0.82,0.05
"USA-IL",2020 W30,55,3972595,1.4,43,28,58,12,27,-3,1.1,0.72,1.48,0.3,0.68,-0.08
"USA-IL",2020 W31,48,3971329,1.2,40,25,55,8,23,-7,1.03,0.65,1.41,0.17,0.55,-0.21
"USA-IL",2020 W32,41,3970062,1,39,24,55,2,17,-14,1,0.62,1.38,0,0.38,-0.38
"USA-IL",2020 W33,56,3968796,1.4,35,20,50,21,36,6,0.9,0.52,1.28,0.5,0.88,0.12
"USA-IL",2020 W34,37,3967530,0.9,34,19,50,3,18,-13,0.86,0.48,1.25,0.04,0.42,-0.35
"USA-IL",2020 W35,57,3966263,1.4,41,26,57,16,31,0,1.03,0.65,1.41,0.37,0.75,-0.01
"USA-IL",2020 W36,41,3964997,1,33,18,49,8,23,-8,0.86,0.48,1.25,0.14,0.52,-0.25
"USA-IL",2020 W37,55,3963730,1.4,43,28,58,12,27,-3,1.1,0.72,1.48,0.3,0.68,-0.08
"USA-IL",2020 W38,48,3962464,1.2,36,21,52,12,27,-4,0.93,0.55,1.31,0.27,0.65,-0.11
"USA-IL",2020 W39,50,3961198,1.3,32,17,47,18,33,3,0.83,0.45,1.21,0.47,0.85,0.09
"USA-IL",2020 W40,51,3959931,1.3,34,19,49,17,32,2,0.86,0.48,1.25,0.44,0.82,0.05
"USA-IL",2020 W41,36,3958665,0.9,33,18,48,3,18,-12,0.83,0.45,1.21,0.07,0.45,-0.31
"USA-IL",2020 W42,54,3957398,1.4,37,22,53,17,32,1,0.93,0.55,1.31,0.47,0.85,0.09
"USA-IL",2020 W43,35,3956132,0.9,39,24,54,-4,11,-19,0.96,0.58,1.35,-0.06,0.32,-0.45
"USA-IL",2020 W44,50,3954866,1.3,38,23,54,12,27,-4,0.96,0.58,1.35,0.34,0.72,-0.05
"USA-IL",2020 W45,38,3953599,1,31,16,47,7,22,-9,0.8,0.42,1.18,0.2,0.58,-0.18
"USA-IL",2020 W46,43,3952333,1.1,30,15,45,13,28,-2,0.76,0.38,1.15,0.34,0.72,-0.05
"USA-IL",2020 W47,42,3951066,1.1,36,21,52,6,21,-10,0.93,0.55,1.31,0.17,0.55,-0.21
"USA-IL",2020 W48,50,3949800,1.3,32,17,47,18,33,3,0.8,0.42,1.18,0.5,0.88,0.12
"USA-IL",2020 W49,45,3948534,1.1,32,17,48,13,28,-3,0.8,0.42,1.18,0.3,0.68,-0.08
"USA-IL",2020 W50,44,3947267,1.1,38,23,53,6,21,-9,0.93,0.55,1.31,0.17,0.55,-0.21
"USA-IL",2020 W51,33,3946001,0.8,34,19,50,-1,14,-17,0.86,0.48,1.25,-0.06,0.32,-0.45
"USA-IL",2020 W52,34,3944734,0.9,31,16,46,3,18,-12,0.76,0.38,1.15,0.14,0.52,-0.25
"USA-IL",2020 W53,28,3943508,0.7,30,14,45,-2,14,-17,0.76,0.38,1.15,-0.06,0.32,-0.45
"USA-IL",2021 W01,43,3942758,1.1,28,13,44,15,30,-1,0.76,0.38,1.15,0.34,0.72,-0.05
"USA-IL",2021 W02,38,3942141,1,30,15,46,8,23,-8,0.76,0.38,1.15,0.24,0.62,-0.15
"USA-IL",2021 W03,50,3941524,1.3,25,10,41,25,40,9,0.63,0.24,1.02,0.67,1.06,0.28
"USA-IL",2021 W04,45,3940907,1.1,27,11,42,18,34,3,0.7,0.31,1.08,0.4,0.79,0.02
"USA-IL",2021 W05,38,3940290,1,28,12,43,10,26,-5,0.7,0.31,1.08,0.3,0.69,-0.08
"USA-IL",2021 W06,40,3939673,1,34,19,50,6,21,-10,0.86,0.48,1.25,0.14,0.52,-0.25
"USA-IL",2021 W07,33,3939056,0.8,39,24,55,-6,9,-22,1.03,0.64,1.42,-0.23,0.16,-0.62
"USA-IL",2021 W08,32,3938439,0.8,32,16,47,0,16,-15,0.8,0.41,1.18,0,0.39,-0.38
"USA-IL",2021 W09,37,3937823,0.9,28,13,44,9,24,-7,0.73,0.34,1.12,0.17,0.56,-0.22
"USA-IL",2021 W10,47,3937206,1.2,29,13,44,18,34,3,0.7,0.31,1.08,0.5,0.89,0.12
"USA-IL",2021 W11,42,3936589,1.1,31,16,47,11,26,-5,0.83,0.44,1.22,0.27,0.66,-0.12
"USA-IL",2021 W12,45,3935972,1.1,33,17,48,12,28,-3,0.83,0.44,1.22,0.27,0.66,-0.12
"USA-IL",2021 W13,50,3935355,1.3,30,14,45,20,36,5,0.76,0.38,1.15,0.54,0.92,0.15
"USA-IL",2021 W14,59,3934738,1.5,26,11,42,33,48,17,0.7,0.31,1.08,0.8,1.19,0.42
"USA-IL",2021 W15,48,3934121,1.2,33,18,49,15,30,-1,0.9,0.51,1.28,0.3,0.69,-0.08
"USA-IL",2021 W16,41,3933504,1,29,13,44,12,28,-3,0.73,0.34,1.12,0.27,0.66,-0.12
"USA-IL",2021 W17,30,3932887,0.8,27,12,43,3,18,-13,0.7,0.31,1.08,0.1,0.49,-0.28
"USA-IL",2021 W18,46,3932270,1.2,40,25,56,6,21,-10,1.03,0.64,1.42,0.17,0.56,-0.22
"USA-IL",2021 W19,61,3931653,1.6,33,18,49,28,43,12,0.86,0.48,1.25,0.74,1.12,0.35
"USA-IL",2021 W20,72,3931036,1.8,29,14,45,43,58,27,0.76,0.38,1.15,1.04,1.42,0.65
"USA-IL",2021 W21,53,3930419,1.3,37,22,53,16,31,0,0.96,0.58,1.35,0.34,0.72,-0.05
"USA-IL",2021 W22,54,3929802,1.4,30,15,46,24,39,8,0.8,0.41,1.18,0.6,0.99,0.22
"USA-IL",2021 W23,51,3929185,1.3,36,21,52,15,30,-1,0.93,0.54,1.32,0.37,0.76,-0.02
"USA-IL",2021 W24,47,3928568,1.2,31,16,47,16,31,0,0.83,0.44,1.22,0.37,0.76,-0.02
"USA-IL",2021 W25,45,3927951,1.1,31,16,47,14,29,-2,0.83,0.44,1.22,0.27,0.66,-0.12
"USA-IL",2021 W26,57,3927334,1.5,34,19,50,23,38,7,0.86,0.48,1.25,0.64,1.02,0.25
"USA-IL",2021 W27,48,3926717,1.2,40,25,56,8,23,-8,1,0.61,1.38,0.2,0.59,-0.18
"USA-IL",2021 W28,40,3926100,1,27,11,42,13,29,-2,0.66,0.28,1.05,0.34,0.72,-0.05
"USA-IL",2021 W29,63,3925483,1.6,38,23,54,25,40,9,1,0.61,1.38,0.6,0.99,0.22
"USA-IL",2021 W30,60,3924866,1.5,36,20,51,24,40,9,0.93,0.54,1.32,0.57,0.96,0.18
"USA-IL",2021 W31,46,3924249,1.2,35,20,51,11,26,-5,0.9,0.51,1.28,0.3,0.69,-0.08
"USA-IL",2021 W32,53,3923632,1.4,31,15,46,22,38,7,0.8,0.41,1.18,0.6,0.99,0.22
"USA-IL",2021 W33,56,3923015,1.4,30,15,46,26,41,10,0.76,0.38,1.15,0.64,1.02,0.25
"USA-IL",2021 W34,42,3922399,1.1,37,22,53,5,20,-11,0.93,0.54,1.32,0.17,0.56,-0.22
"USA-IL",2021 W35,53,3921782,1.4,29,14,45,24,39,8,0.76,0.38,1.15,0.64,1.02,0.25
"USA-IL",2021 W36,52,3921165,1.3,38,23,54,14,29,-2,1,0.61,1.38,0.3,0.69,-0.08
"USA-IL",2021 W37,38,3920548,1,32,17,48,6,21,-10,0.83,0.44,1.22,0.17,0.56,-0.22
"USA-IL",2021 W38,49,3919931,1.3,27,12,43,22,37,6,0.73,0.34,1.12,0.57,0.96,0.18
"USA-IL",2021 W39,56,3919314,1.4,30,14,45,26,42,11,0.76,0.38,1.15,0.64,1.02,0.25
"USA-IL",2021 W40,46,3918697,1.2,28,13,44,18,33,2,0.73,0.34,1.12,0.47,0.86,0.08
"USA-IL",2021 W41,41,3918080,1,33,18,49,8,23,-8,0.83,0.44,1.22,0.17,0.56,-0.22
"USA-IL",2021 W42,47,3917463,1.2,34,19,50,13,28,-3,0.86,0.48,1.25,0.34,0.72,-0.05
"USA-IL",2021 W43,41,3916846,1,34,19,50,7,22,-9,0.86,0.48,1.25,0.14,0.52,-0.25
"USA-IL",2021 W44,63,3916229,1.6,27,12,43,36,51,20,0.7,0.31,1.08,0.9,1.29,0.52
"USA-IL",2021 W45,43,3915612,1.1,25,10,41,18,33,2,0.66,0.28,1.05,0.44,0.82,0.05
"USA-IL",2021 W46,34,3914995,0.9,32,17,48,2,17,-14,0.83,0.44,1.22,0.07,0.46,-0.32
"USA-IL",2021 W47,58,3914378,1.5,27,12,43,31,46,15,0.7,0.31,1.08,0.8,1.19,0.42
"USA-IL",2021 W48,39,3913761,1,28,13,44,11,26,-5,0.7,0.31,1.08,0.3,0.69,-0.08
"USA-IL",2021 W49,42,3913144,1.1,33,18,49,9,24,-7,0.83,0.44,1.22,0.27,0.66,-0.12
"USA-IL",2021 W50,35,3912527,0.9,30,15,46,5,20,-11,0.76,0.38,1.15,0.14,0.52,-0.25
"USA-IL",2021 W51,43,3911910,1.1,26,11,42,17,32,1,0.66,0.28,1.05,0.44,0.82,0.05
"USA-IL",2021 W52,42,3911293,1.1,26,10,41,16,32,1,0.66,0.27,1.06,0.44,0.83,0.04
"USA-IL",2022 W01,56,3910676,1.4,24,8,40,32,48,16,0.66,0.27,1.06,0.74,1.13,0.34
"USA-IL",2022 W02,33,3910059,0.8,26,10,42,7,23,-9,0.66,0.27,1.06,0.14,0.53,-0.26
"USA-IL",2022 W03,44,3909443,1.1,21,5,37,23,39,7,0.53,0.13,0.93,0.57,0.97,0.17
"USA-IL",2022 W04,36,3908826,0.9,23,7,38,13,29,-2,0.6,0.2,0.99,0.3,0.7,-0.09
"USA-IL",2022 W05,33,3908209,0.8,24,8,39,9,25,-6,0.6,0.2,0.99,0.2,0.6,-0.19
"USA-IL",2022 W06,50,3907592,1.3,30,14,46,20,36,4,0.76,0.37,1.16,0.54,0.93,0.14
"USA-IL",2022 W07,39,3906975,1,35,19,51,4,20,-12,0.93,0.53,1.33,0.07,0.47,-0.33
"USA-IL",2022 W08,45,3906358,1.2,28,12,43,17,33,2,0.7,0.3,1.09,0.5,0.9,0.11
"USA-IL",2022 W09,39,3905741,1,24,8,40,15,31,-1,0.63,0.23,1.03,0.37,0.77,-0.03
"USA-IL",2022 W10,57,3905124,1.5,25,9,40,32,48,17,0.6,0.2,0.99,0.9,1.3,0.51
"USA-IL",2022 W11,47,3904507,1.2,27,11,43,20,36,4,0.73,0.33,1.13,0.47,0.87,0.07
"USA-IL",2022 W12,52,3903890,1.3,29,13,44,23,39,8,0.73,0.33,1.13,0.57,0.97,0.17
"USA-IL",2022 W13,36,3903273,0.9,26,10,41,10,26,-5,0.66,0.27,1.06,0.24,0.63,-0.16
"USA-IL",2022 W14,32,3902656,0.8,22,6,38,10,26,-6,0.6,0.2,0.99,0.2,0.6,-0.19
"USA-IL",2022 W15,39,3902039,1,29,13,45,10,26,-6,0.8,0.4,1.19,0.2,0.6,-0.19
"USA-IL",2022 W16,41,3901423,1.1,25,9,40,16,32,1,0.63,0.23,1.03,0.47,0.87,0.07
"USA-IL",2022 W17,39,3900806,1,23,7,39,16,32,0,0.6,0.2,0.99,0.4,0.8,0.01
"USA-IL",2022 W18,34,3900189,0.9,36,20,52,-2,14,-18,0.93,0.53,1.33,-0.03,0.37,-0.43
"USA-IL",2022 W19,52,3899572,1.3,29,13,45,23,39,7,0.76,0.37,1.16,0.54,0.93,0.14
"USA-IL",2022 W20,57,3898955,1.5,25,9,41,32,48,16,0.66,0.27,1.06,0.84,1.23,0.44
"USA-IL",2022 W21,48,3898338,1.2,33,17,49,15,31,-1,0.86,0.47,1.26,0.34,0.73,-0.06
"USA-IL",2022 W22,43,3897721,1.1,26,10,42,17,33,1,0.7,0.3,1.09,0.4,0.8,0.01
"USA-IL",2022 W23,51,3897104,1.3,32,16,48,19,35,3,0.83,0.43,1.23,0.47,0.87,0.07
"USA-IL",2022 W24,42,3896487,1.1,27,11,43,15,31,-1,0.73,0.33,1.13,0.37,0.77,-0.03
"USA-IL",2022 W25,49,3895870,1.3,27,11,43,22,38,6,0.73,0.33,1.13,0.57,0.97,0.17
"USA-IL",2022 W26,51,3895253,1.3,30,14,46,21,37,5,0.76,0.37,1.16,0.54,0.93,0.14
"USA-IL",2022 W27,43,3894636,1.1,36,20,52,7,23,-9,0.9,0.5,1.29,0.2,0.6,-0.19
"USA-IL",2022 W28,42,3894019,1.1,23,7,38,19,35,4,0.56,0.17,0.96,0.54,0.93,0.14
"USA-IL",2022 W29,42,3893403,1.1,34,18,50,8,24,-8,0.9,0.5,1.29,0.2,0.6,-0.19
"USA-IL",2022 W30,43,3892786,1.1,32,16,47,11,27,-4,0.83,0.43,1.23,0.27,0.67,-0.13
"USA-IL",2022 W31,44,3892169,1.1,31,15,47,13,29,-3,0.8,0.4,1.19,0.3,0.7,-0.09
"USA-IL",2022 W32,48,3891552,1.2,27,11,42,21,37,6,0.7,0.3,1.09,0.5,0.9,0.11
"USA-IL",2022 W33,42,3890935,1.1,26,10,42,16,32,0,0.66,0.27,1.06,0.44,0.83,0.04
"USA-IL",2022 W34,38,3890318,1,33,17,49,5,21,-11,0.83,0.43,1.23,0.17,0.57,-0.23
"USA-IL",2022 W35,35,3889701,0.9,25,9,41,10,26,-6,0.66,0.27,1.06,0.24,0.63,-0.16
"USA-IL",2022 W36,43,3889084,1.1,34,18,50,9,25,-7,0.9,0.5,1.29,0.2,0.6,-0.19
"USA-IL",2022 W37,48,3888467,1.2,28,12,44,20,36,4,0.73,0.33,1.13,0.47,0.87,0.07
"USA-IL",2022 W38,36,3887850,0.9,23,7,39,13,29,-3,0.63,0.23,1.03,0.27,0.67,-0.13
"USA-IL",2022 W39,47,3887233,1.2,26,10,41,21,37,6,0.66,0.27,1.06,0.54,0.93,0.14
"USA-IL",2022 W40,34,3886616,0.9,24,8,40,10,26,-6,0.63,0.23,1.03,0.27,0.67,-0.13
"USA-IL",2022 W41,45,3886000,1.2,29,13,45,16,32,0,0.73,0.33,1.13,0.47,0.87,0.07
"USA-IL",2022 W42,49,3885383,1.3,30,14,46,19,35,3,0.76,0.37,1.16,0.54,0.93,0.14
"USA-IL",2022 W43,58,3884766,1.5,30,14,46,28,44,12,0.76,0.37,1.16,0.74,1.13,0.34
"USA-IL",2022 W44,60,3884149,1.5,23,7,39,37,53,21,0.6,0.2,0.99,0.9,1.3,0.51
"USA-IL",2022 W45,46,3883532,1.2,21,5,37,25,41,9,0.56,0.17,0.96,0.64,1.03,0.24
"USA-IL",2022 W46,44,3882915,1.1,28,12,44,16,32,0,0.73,0.33,1.13,0.37,0.77,-0.03
"USA-IL",2022 W47,48,3882298,1.2,23,7,39,25,41,9,0.6,0.2,0.99,0.6,1,0.21
"USA-IL",2022 W48,43,3881681,1.1,24,8,40,19,35,3,0.6,0.2,0.99,0.5,0.9,0.11
"USA-IL",2022 W49,37,3881064,1,29,13,45,8,24,-8,0.73,0.33,1.13,0.27,0.67,-0.13
"USA-IL",2022 W50,43,3880447,1.1,26,10,42,17,33,1,0.66,0.27,1.06,0.44,0.83,0.04
"USA-IL",2022 W51,35,3879830,0.9,22,6,38,13,29,-3,0.56,0.17,0.96,0.34,0.73,-0.06
"USA-IL",2022 W52,51,3879213,1.3,21,5,38,30,46,13,0.56,0.15,0.97,0.74,1.15,0.33
"USA-IL",2023 W01,48,3878596,1.2,20,4,36,28,44,12,0.56,0.15,0.97,0.64,1.05,0.23
"USA-IL",2023 W02,28,3877979,0.7,22,5,38,6,23,-10,0.56,0.15,0.97,0.14,0.55,-0.27
"USA-IL",2023 W03,38,3877363,1,17,0,33,21,38,5,0.43,0.02,0.84,0.57,0.98,0.16
"USA-IL",2023 W04,43,3876746,1.1,18,2,35,25,41,8,0.5,0.09,0.9,0.6,1.01,0.2
"USA-IL",2023 W05,37,3876129,1,19,3,36,18,34,1,0.5,0.09,0.9,0.5,0.91,0.1
"USA-IL",2023 W06,48,3875512,1.2,26,9,42,22,39,6,0.66,0.25,1.07,0.54,0.95,0.13
"USA-IL",2023 W07,38,3874895,1,31,14,47,7,24,-9,0.83,0.42,1.24,0.17,0.58,-0.24
"USA-IL",2023 W08,49,3874278,1.3,23,7,40,26,42,9,0.6,0.19,1,0.7,1.11,0.3
"USA-IL",2023 W09,31,3873661,0.8,20,4,36,11,27,-5,0.53,0.12,0.94,0.27,0.68,-0.14
"USA-IL",2023 W10,43,3873044,1.1,20,4,37,23,39,6,0.5,0.09,0.9,0.6,1.01,0.2
"USA-IL",2023 W11,39,3872427,1,23,7,39,16,32,0,0.63,0.22,1.04,0.37,0.78,-0.04
"USA-IL",2023 W12,31,3871810,0.8,24,8,41,7,23,-10,0.63,0.22,1.04,0.17,0.58,-0.24
"USA-IL",2023 W13,37,3871193,1,21,5,38,16,32,-1,0.56,0.15,0.97,0.44,0.85,0.03
"USA-IL",2023 W14,40,3870576,1,18,2,34,22,38,6,0.5,0.09,0.9,0.5,0.91,0.1
"USA-IL",2023 W15,55,3869959,1.4,25,9,41,30,46,14,0.7,0.29,1.1,0.7,1.11,0.3
"USA-IL",2023 W16,38,3869342,1,20,4,37,18,34,1,0.53,0.12,0.94,0.47,0.88,0.06
"USA-IL",2023 W17,53,3868725,1.4,19,2,35,34,51,18,0.5,0.09,0.9,0.9,1.31,0.5
"USA-IL",2023 W18,39,3868108,1,32,16,48,7,23,-9,0.83,0.42,1.24,0.17,0.58,-0.24
"USA-IL",2023 W19,50,3867491,1.3,25,9,41,25,41,9,0.66,0.25,1.07,0.64,1.05,0.23
"USA-IL",2023 W20,43,3866874,1.1,21,4,37,22,39,6,0.56,0.15,0.97,0.54,0.95,0.13
"USA-IL",2023 W21,38,3866257,1,29,12,45,9,26,-7,0.76,0.35,1.17,0.24,0.65,-0.17
"USA-IL",2023 W22,60,3865640,1.6,22,6,38,38,54,22,0.6,0.19,1,1,1.41,0.6
"USA-IL",2023 W23,40,3865023,1,28,11,44,12,29,-4,0.73,0.32,1.14,0.27,0.68,-0.14
"USA-IL",2023 W24,40,3864406,1,23,6,39,17,34,1,0.63,0.22,1.04,0.37,0.78,-0.04
"USA-IL",2023 W25,35,3863789,0.9,23,6,39,12,29,-4,0.63,0.22,1.04,0.27,0.68,-0.14
"USA-IL",2023 W26,45,3863172,1.2,26,9,42,19,36,3,0.66,0.25,1.07,0.54,0.95,0.13
"USA-IL",2023 W27,33,3862556,0.9,32,15,48,1,18,-15,0.8,0.39,1.2,0.1,0.51,-0.3
"USA-IL",2023 W28,32,3861939,0.8,18,2,35,14,30,-3,0.46,0.05,0.87,0.34,0.75,-0.07
"USA-MI",2017 W01,58,3154406,1.8,47,31,64,11,27,-6,1.48,0.96,2,0.32,0.84,-0.2
"USA-MI",2017 W02,44,3153809,1.4,41,24,57,3,20,-13,1.28,0.76,1.8,0.12,0.64,-0.4
"USA-MI",2017 W03,47,3153212,1.5,43,27,60,4,20,-13,1.38,0.86,1.9,0.12,0.64,-0.4
"USA-MI",2017 W04,34,3152615,1.1,39,22,55,-5,12,-21,1.25,0.73,1.77,-0.15,0.37,-0.67
"USA-MI",2017 W05,26,3152018,0.8,32,15,48,-6,11,-22,1.02,0.5,1.54,-0.22,0.3,-0.74
"USA-MI",2017 W06,46,3151422,1.5,42,26,59,4,20,-13,1.35,0.83,1.87,0.15,0.67,-0.37
"USA-MI",2017 W07,36,3150825,1.1,39,23,56,-3,13,-20,1.22,0.7,1.74,-0.12,0.4,-0.64
"USA-MI",2017 W08,28,3150228,0.9,33,17,50,-5,11,-22,1.05,0.53,1.57,-0.15,0.37,-0.67
"USA-MI",2017 W09,32,3149631,1,44,28,61,-12,4,-29,1.38,0.86,1.9,-0.38,0.14,-0.9
"USA-MI",2017 W10,44,3149034,1.4,41,24,57,3,20,-13,1.28,0.76,1.8,0.12,0.64,-0.4
"USA-MI",2017 W11,34,3148437,1.1,39,23,56,-5,11,-22,1.25,0.73,1.77,-0.15,0.37,-0.67
"USA-MI",2017 W12,40,3147840,1.3,42,25,58,-2,15,-18,1.35,0.83,1.87,-0.05,0.47,-0.57
"USA-MI",2017 W13,45,3147244,1.4,42,26,59,3,19,-14,1.32,0.8,1.84,0.08,0.6,-0.44
"USA-MI",2017 W14,39,3146647,1.2,31,14,47,8,25,-8,0.95,0.43,1.47,0.25,0.77,-0.27
"USA-MI",2017 W15,38,3146050,1.2,43,26,59,-5,12,-21,1.38,0.86,1.9,-0.18,0.34,-0.7
"USA-MI",2017 W16,31,3145453,1,32,16,49,-1,15,-18,1.02,0.5,1.54,-0.02,0.5,-0.54
"USA-MI",2017 W17,45,3144856,1.4,42,25,58,3,20,-13,1.35,0.83,1.87,0.05,0.57,-0.47
"USA-MI",2017 W18,36,3144259,1.1,41,25,58,-5,11,-22,1.28,0.76,1.8,-0.18,0.34,-0.7
"USA-MI",2017 W19,24,3143662,0.8,34,18,51,-10,6,-27,1.08,0.56,1.6,-0.28,0.24,-0.8
"USA-MI",2017 W20,34,3143066,1.1,37,21,54,-3,13,-20,1.18,0.66,1.7,-0.08,0.44,-0.6
"USA-MI",2017 W21,38,3142469,1.2,39,23,56,-1,15,-18,1.25,0.73,1.77,-0.05,0.47,-0.57
"USA-MI",2017 W22,36,3141872,1.1,44,27,60,-8,9,-24,1.38,0.86,1.9,-0.28,0.24,-0.8
"USA-MI",2017 W23,40,3141275,1.3,36,20,53,4,20,-13,1.15,0.63,1.67,0.15,0.67,-0.37
"USA-MI",2017 W24,57,3140678,1.8,47,31,64,10,26,-7,1.48,0.96,2,0.32,0.84,-0.2
"USA-MI",2017 W25,43,3140081,1.4,41,25,58,2,18,-15,1.35,0.83,1.87,0.05,0.57,-0.47
"USA-MI",2017 W26,43,3139484,1.4,34,18,51,9,25,-8,1.08,0.56,1.6,0.32,0.84,-0.2
"USA-MI",2017 W27,38,3138888,1.2,42,26,59,-4,12,-21,1.35,0.83,1.87,-0.15,0.37,-0.67
"USA-MI",2017 W28,42,3138291,1.3,43,26,59,-1,16,-17,1.35,0.83,1.87,-0.05,0.47,-0.57
"USA-MI",2017 W29,38,3137694,1.2,37,21,54,1,17,-16,1.22,0.7,1.74,-0.02,0.5,-0.54
"USA-MI",2017 W30,19,3137097,0.6,30,14,47,-11,5,-28,0.98,0.46,1.5,-0.38,0.14,-0.9
"USA-MI",2017 W31,36,3136500,1.1,36,20,53,0,16,-17,1.15,0.63,1.67,-0.05,0.47,-0.57
"USA-MI",2017 W32,37,3135903,1.2,41,25,58,-4,12,-21,1.32,0.8,1.84,-0.12,0.4,-0.64
"USA-MI",2017 W33,38,3135306,1.2,38,21,54,0,17,-16,1.18,0.66,1.7,0.02,0.54,-0.5
"USA-MI",2017 W34,36,3134710,1.1,40,24,57,-4,12,-21,1.25,0.73,1.77,-0.15,0.37,-0.67
"USA-MI",2017 W35,48,3134113,1.5,47,31,64,1,17,-16,1.48,0.96,2,0.02,0.54,-0.5
"USA-MI",2017 W36,36,3133516,1.1,35,19,52,1,17,-16,1.12,0.6,1.64,-0.02,0.5,-0.54
"USA-MI",2017 W37,42,3132919,1.3,38,22,55,4,20,-13,1.22,0.7,1.74,0.08,0.6,-0.44
"USA-MI",2017 W38,46,3132322,1.5,44,28,61,2,18,-15,1.42,0.9,1.94,0.08,0.6,-0.44
"USA-MI",2017 W39,48,3131725,1.5,39,23,56,9,25,-8,1.25,0.73,1.77,0.25,0.77,-0.27
"USA-MI",2017 W40,42,3131128,1.3,35,19,52,7,23,-10,1.12,0.6,1.64,0.18,0.7,-0.34
"USA-MI",2017 W41,36,3130532,1.1,33,17,50,3,19,-14,1.02,0.5,1.54,0.08,0.6,-0.44
"USA-MI",2017 W42,33,3129935,1.1,34,18,51,-1,15,-18,1.08,0.56,1.6,0.02,0.54,-0.5
"USA-MI",2017 W43,33,3129338,1.1,34,17,50,-1,16,-17,1.12,0.6,1.64,-0.02,0.5,-0.54
"USA-MI",2017 W44,54,3128741,1.7,42,25,58,12,29,-4,1.32,0.8,1.84,0.38,0.9,-0.14
"USA-MI",2017 W45,42,3128144,1.3,40,23,56,2,19,-14,1.28,0.76,1.8,0.02,0.54,-0.5
"USA-MI",2017 W46,34,3127547,1.1,40,24,57,-6,10,-23,1.28,0.76,1.8,-0.18,0.34,-0.7
"USA-MI",2017 W47,37,3126950,1.2,35,19,52,2,18,-15,1.15,0.63,1.67,0.05,0.57,-0.47
"USA-MI",2017 W48,35,3126354,1.1,39,23,56,-4,12,-21,1.25,0.73,1.77,-0.15,0.37,-0.67
"USA-MI",2017 W49,33,3125757,1.1,37,21,54,-4,12,-21,1.22,0.7,1.74,-0.12,0.4,-0.64
"USA-MI",2017 W50,34,3125160,1.1,38,22,55,-4,12,-21,1.25,0.73,1.77,-0.15,0.37,-0.67
"USA-MI",2017 W51,44,3124563,1.4,32,15,48,12,29,-4,1.02,0.5,1.54,0.38,0.9,-0.14
"USA-MI",2017 W52,30,3123966,1,35,19,52,-5,11,-22,1.12,0.6,1.64,-0.12,0.4,-0.64
"USA-MI",2018 W01,40,3123342,1.3,45,29,62,-5,11,-22,1.43,0.92,1.95,-0.13,0.38,-0.65
"USA-MI",2018 W02,42,3122680,1.3,39,23,55,3,19,-13,1.23,0.72,1.75,0.07,0.58,-0.45
"USA-MI",2018 W03,44,3122019,1.4,41,25,58,3,19,-14,1.33,0.82,1.85,0.07,0.58,-0.45
"USA-MI",2018 W04,38,3121358,1.2,37,21,53,1,17,-15,1.2,0.68,1.72,0,0.52,-0.52
"USA-MI",2018 W05,37,3120697,1.2,30,14,46,7,23,-9,0.97,0.45,1.48,0.23,0.75,-0.28
"USA-MI",2018 W06,45,3120035,1.4,41,24,57,4,21,-12,1.3,0.78,1.82,0.1,0.62,-0.42
"USA-MI",2018 W07,45,3119374,1.4,38,21,54,7,24,-9,1.17,0.65,1.68,0.23,0.75,-0.28
"USA-MI",2018 W08,43,3118713,1.4,31,15,48,12,28,-5,1,0.48,1.52,0.4,0.92,-0.12
"USA-MI",2018 W09,45,3118052,1.4,43,26,59,2,19,-14,1.33,0.82,1.85,0.07,0.58,-0.45
"USA-MI",2018 W10,32,3117390,1,39,23,55,-7,9,-23,1.23,0.72,1.75,-0.23,0.28,-0.75
"USA-MI",2018 W11,51,3116729,1.6,38,21,54,13,30,-3,1.2,0.68,1.72,0.4,0.92,-0.12
"USA-MI",2018 W12,40,3116068,1.3,40,24,56,0,16,-16,1.3,0.78,1.82,0,0.52,-0.52
"USA-MI",2018 W13,42,3115406,1.3,40,24,57,2,18,-15,1.27,0.75,1.78,0.03,0.55,-0.48
"USA-MI",2018 W14,26,3114745,0.8,29,13,45,-3,13,-19,0.9,0.38,1.42,-0.1,0.42,-0.62
"USA-MI",2018 W15,40,3114084,1.3,41,25,57,-1,15,-17,1.33,0.82,1.85,-0.03,0.48,-0.55
"USA-MI",2018 W16,34,3113423,1.1,30,14,47,4,20,-13,0.97,0.45,1.48,0.13,0.65,-0.38
"USA-MI",2018 W17,39,3112761,1.3,40,24,56,-1,15,-17,1.3,0.78,1.82,0,0.52,-0.52
"USA-MI",2018 W18,45,3112100,1.4,40,23,56,5,22,-11,1.23,0.72,1.75,0.17,0.68,-0.35
"USA-MI",2018 W19,45,3111439,1.4,32,16,49,13,29,-4,1.03,0.52,1.55,0.37,0.88,-0.15
"USA-MI",2018 W20,31,3110778,1,35,19,52,-4,12,-21,1.13,0.62,1.65,-0.13,0.38,-0.65
"USA-MI",2018 W21,33,3110116,1.1,37,21,54,-4,12,-21,1.2,0.68,1.72,-0.1,0.42,-0.62
"USA-MI",2018 W22,33,3109455,1.1,42,26,58,-9,7,-25,1.33,0.82,1.85,-0.23,0.28,-0.75
"USA-MI",2018 W23,25,3108794,0.8,34,18,51,-9,7,-26,1.1,0.58,1.62,-0.3,0.22,-0.82
"USA-MI",2018 W24,41,3108133,1.3,45,29,62,-4,12,-21,1.43,0.92,1.95,-0.13,0.38,-0.65
"USA-MI",2018 W25,33,3107471,1.1,40,23,56,-7,10,-23,1.3,0.78,1.82,-0.2,0.32,-0.72
"USA-MI",2018 W26,23,3106810,0.7,33,16,49,-10,7,-26,1.03,0.52,1.55,-0.33,0.18,-0.85
"USA-MI",2018 W27,41,3106149,1.3,41,24,57,0,17,-16,1.3,0.78,1.82,0,0.52,-0.52
"USA-MI",2018 W28,40,3105488,1.3,41,25,57,-1,15,-17,1.3,0.78,1.82,0,0.52,-0.52
"USA-MI",2018 W29,36,3104826,1.2,36,19,52,0,17,-16,1.17,0.65,1.68,0.03,0.55,-0.48
"USA-MI",2018 W30,40,3104165,1.3,29,12,45,11,28,-5,0.93,0.42,1.45,0.37,0.88,-0.15
"USA-MI",2018 W31,31,3103504,1,35,18,51,-4,13,-20,1.1,0.58,1.62,-0.1,0.42,-0.62
"USA-MI",2018 W32,50,3102843,1.6,39,23,56,11,27,-6,1.27,0.75,1.78,0.33,0.85,-0.18
"USA-MI",2018 W33,35,3102181,1.1,36,20,52,-1,15,-17,1.13,0.62,1.65,-0.03,0.48,-0.55
"USA-MI",2018 W34,48,3101520,1.5,39,22,55,9,26,-7,1.2,0.68,1.72,0.3,0.82,-0.22
"USA-MI",2018 W35,50,3100859,1.6,45,29,62,5,21,-12,1.43,0.92,1.95,0.17,0.68,-0.35
"USA-MI",2018 W36,38,3100197,1.2,34,17,50,4,21,-12,1.07,0.55,1.58,0.13,0.65,-0.38
"USA-MI",2018 W37,39,3099536,1.3,36,20,53,3,19,-14,1.17,0.65,1.68,0.13,0.65,-0.38
"USA-MI",2018 W38,41,3098875,1.3,42,26,59,-1,15,-18,1.37,0.85,1.88,-0.07,0.45,-0.58
"USA-MI",2018 W39,28,3098214,0.9,38,21,54,-10,7,-26,1.2,0.68,1.72,-0.3,0.22,-0.82
"USA-MI",2018 W40,36,3097552,1.2,33,17,50,3,19,-14,1.07,0.55,1.58,0.13,0.65,-0.38
"USA-MI",2018 W41,32,3096891,1,31,15,48,1,17,-16,0.97,0.45,1.48,0.03,0.55,-0.48
"USA-MI",2018 W42,32,3096230,1,32,16,49,0,16,-17,1.03,0.52,1.55,-0.03,0.48,-0.55
"USA-MI",2018 W43,33,3095569,1.1,32,16,48,1,17,-15,1.07,0.55,1.58,0.03,0.55,-0.48
"USA-MI",2018 W44,29,3094907,0.9,40,24,56,-11,5,-27,1.27,0.75,1.78,-0.37,0.15,-0.88
"USA-MI",2018 W45,39,3094246,1.3,38,22,54,1,17,-15,1.23,0.72,1.75,0.07,0.58,-0.45
"USA-MI",2018 W46,46,3093585,1.5,38,22,55,8,24,-9,1.23,0.72,1.75,0.27,0.78,-0.25
"USA-MI",2018 W47,30,3092924,1,33,17,50,-3,13,-20,1.1,0.58,1.62,-0.1,0.42,-0.62
"USA-MI",2018 W48,29,3092262,0.9,38,21,54,-9,8,-25,1.2,0.68,1.72,-0.3,0.22,-0.82
"USA-MI",2018 W49,33,3091601,1.1,35,19,52,-2,14,-19,1.17,0.65,1.68,-0.07,0.45,-0.58
"USA-MI",2018 W50,42,3090940,1.4,37,20,53,5,22,-11,1.2,0.68,1.72,0.2,0.72,-0.32
"USA-MI",2018 W51,22,3090279,0.7,30,14,46,-8,8,-24,0.97,0.45,1.48,-0.27,0.25,-0.78
"USA-MI",2018 W52,28,3089617,0.9,33,17,50,-5,11,-22,1.07,0.55,1.58,-0.17,0.35,-0.68
"USA-MI",2019 W01,38,3089377,1.2,44,27,60,-6,11,-22,1.38,0.86,1.9,-0.18,0.34,-0.7
"USA-MI",2019 W02,31,3090061,1,37,21,54,-6,10,-23,1.18,0.66,1.7,-0.18,0.34,-0.7
"USA-MI",2019 W03,33,3090773,1.1,40,23,56,-7,10,-23,1.28,0.76,1.8,-0.18,0.34,-0.7
"USA-MI",2019 W04,39,3091486,1.3,35,19,52,4,20,-13,1.15,0.63,1.67,0.15,0.67,-0.37
"USA-MI",2019 W05,27,3092198,0.9,28,12,45,-1,15,-18,0.92,0.4,1.44,-0.02,0.5,-0.54
"USA-MI",2019 W06,31,3092911,1,39,22,55,-8,9,-24,1.25,0.73,1.77,-0.25,0.27,-0.77
"USA-MI",2019 W07,32,3093623,1,36,19,52,-4,13,-20,1.12,0.6,1.64,-0.12,0.4,-0.64
"USA-MI",2019 W08,23,3094336,0.7,30,13,46,-7,10,-23,0.95,0.43,1.47,-0.25,0.27,-0.77
"USA-MI",2019 W09,51,3095048,1.6,41,24,57,10,27,-6,1.28,0.76,1.8,0.32,0.84,-0.2
"USA-MI",2019 W10,41,3095761,1.3,37,21,54,4,20,-13,1.18,0.66,1.7,0.12,0.64,-0.4
"USA-MI",2019 W11,28,3096473,0.9,36,19,52,-8,9,-24,1.15,0.63,1.67,-0.25,0.27,-0.77
"USA-MI",2019 W12,40,3097186,1.3,38,22,55,2,18,-15,1.25,0.73,1.77,0.05,0.57,-0.47
"USA-MI",2019 W13,34,3097898,1.1,39,22,55,-5,12,-21,1.22,0.7,1.74,-0.12,0.4,-0.64
"USA-MI",2019 W14,22,3098611,0.7,27,11,44,-5,11,-22,0.85,0.33,1.37,-0.15,0.37,-0.67
"USA-MI",2019 W15,45,3099323,1.5,39,23,56,6,22,-11,1.28,0.76,1.8,0.22,0.74,-0.3
"USA-MI",2019 W16,26,3100036,0.8,29,12,45,-3,14,-19,0.92,0.4,1.44,-0.12,0.4,-0.64
"USA-MI",2019 W17,36,3100748,1.2,38,22,55,-2,14,-19,1.25,0.73,1.77,-0.05,0.47,-0.57
"USA-MI",2019 W18,38,3101460,1.2,38,21,54,0,17,-16,1.18,0.66,1.7,0.02,0.54,-0.5
"USA-MI",2019 W19,28,3102173,0.9,31,14,47,-3,14,-19,0.98,0.46,1.5,-0.08,0.44,-0.6
"USA-MI",2019 W20,41,3102885,1.3,34,17,50,7,24,-9,1.08,0.56,1.6,0.22,0.74,-0.3
"USA-MI",2019 W21,41,3103598,1.3,36,19,52,5,22,-11,1.15,0.63,1.67,0.15,0.67,-0.37
"USA-MI",2019 W22,57,3104310,1.8,40,24,57,17,33,0,1.28,0.76,1.8,0.52,1.04,0
"USA-MI",2019 W23,38,3105023,1.2,33,16,49,5,22,-11,1.05,0.53,1.57,0.15,0.67,-0.37
"USA-MI",2019 W24,38,3105735,1.2,44,27,60,-6,11,-22,1.38,0.86,1.9,-0.18,0.34,-0.7
"USA-MI",2019 W25,43,3106448,1.4,38,21,54,5,22,-11,1.25,0.73,1.77,0.15,0.67,-0.37
"USA-MI",2019 W26,32,3107160,1,31,14,47,1,18,-15,0.98,0.46,1.5,0.02,0.54,-0.5
"USA-MI",2019 W27,43,3107873,1.4,39,22,55,4,21,-12,1.25,0.73,1.77,0.15,0.67,-0.37
"USA-MI",2019 W28,41,3108585,1.3,39,23,56,2,18,-15,1.25,0.73,1.77,0.05,0.57,-0.47
"USA-MI",2019 W29,33,3109298,1.1,34,17,50,-1,16,-17,1.12,0.6,1.64,-0.02,0.5,-0.54
"USA-MI",2019 W30,27,3110010,0.9,27,10,43,0,17,-16,0.88,0.36,1.4,0.02,0.54,-0.5
"USA-MI",2019 W31,37,3110723,1.2,33,16,49,4,21,-12,1.05,0.53,1.57,0.15,0.67,-0.37
"USA-MI",2019 W32,31,3111435,1,38,21,54,-7,10,-23,1.22,0.7,1.74,-0.22,0.3,-0.74
"USA-MI",2019 W33,35,3112147,1.1,34,18,51,1,17,-16,1.08,0.56,1.6,0.02,0.54,-0.5
"USA-MI",2019 W34,32,3112860,1,37,20,53,-5,12,-21,1.15,0.63,1.67,-0.15,0.37,-0.67
"USA-MI",2019 W35,38,3113572,1.2,44,27,60,-6,11,-22,1.38,0.86,1.9,-0.18,0.34,-0.7
"USA-MI",2019 W36,27,3114285,0.9,32,15,48,-5,12,-21,1.02,0.5,1.54,-0.12,0.4,-0.64
"USA-MI",2019 W37,28,3114997,0.9,35,18,51,-7,10,-23,1.12,0.6,1.64,-0.22,0.3,-0.74
"USA-MI",2019 W38,40,3115710,1.3,41,24,57,-1,16,-17,1.32,0.8,1.84,-0.02,0.5,-0.54
"USA-MI",2019 W39,37,3116422,1.2,36,19,52,1,18,-15,1.15,0.63,1.67,0.05,0.57,-0.47
"USA-MI",2019 W40,22,3117135,0.7,32,15,48,-10,7,-26,1.02,0.5,1.54,-0.32,0.2,-0.84
"USA-MI",2019 W41,26,3117847,0.8,30,13,46,-4,13,-20,0.92,0.4,1.44,-0.12,0.4,-0.64
"USA-MI",2019 W42,32,3118560,1,31,14,47,1,18,-15,0.98,0.46,1.5,0.02,0.54,-0.5
"USA-MI",2019 W43,30,3119272,1,30,14,47,0,16,-17,1.02,0.5,1.54,-0.02,0.5,-0.54
"USA-MI",2019 W44,37,3119985,1.2,38,22,55,-1,15,-18,1.22,0.7,1.74,-0.02,0.5,-0.54
"USA-MI",2019 W45,33,3120697,1.1,36,20,53,-3,13,-20,1.18,0.66,1.7,-0.08,0.44,-0.6
"USA-MI",2019 W46,35,3121410,1.1,37,20,53,-2,15,-18,1.18,0.66,1.7,-0.08,0.44,-0.6
"USA-MI",2019 W47,33,3122122,1.1,32,15,48,1,18,-15,1.05,0.53,1.57,0.05,0.57,-0.47
"USA-MI",2019 W48,49,3122834,1.6,36,19,52,13,30,-3,1.15,0.63,1.67,0.45,0.97,-0.07
"USA-MI",2019 W49,40,3123547,1.3,34,17,50,6,23,-10,1.12,0.6,1.64,0.18,0.7,-0.34
"USA-MI",2019 W50,34,3124259,1.1,35,18,51,-1,16,-17,1.15,0.63,1.67,-0.05,0.47,-0.57
"USA-MI",2019 W51,24,3124972,0.8,28,12,45,-4,12,-21,0.92,0.4,1.44,-0.12,0.4,-0.64
"USA-MI",2019 W52,42,3125684,1.3,32,15,48,10,27,-6,1.02,0.5,1.54,0.28,0.8,-0.24
"USA-MI",2020 W01,47,3126064,1.5,42,25,58,5,22,-11,1.33,0.81,1.86,0.17,0.69,-0.36
"USA-MI",2020 W02,25,3125244,0.8,35,19,52,-10,6,-27,1.13,0.61,1.66,-0.33,0.19,-0.86
"USA-MI",2020 W03,34,3124324,1.1,38,21,54,-4,13,-20,1.23,0.71,1.76,-0.13,0.39,-0.66
"USA-MI",2020 W04,39,3123405,1.2,33,17,50,6,22,-11,1.1,0.58,1.62,0.1,0.62,-0.42
"USA-MI",2020 W05,37,3122485,1.2,26,10,43,11,27,-6,0.87,0.34,1.39,0.33,0.86,-0.19
"USA-MI",2020 W06,34,3121566,1.1,37,20,54,-3,14,-20,1.2,0.68,1.72,-0.1,0.42,-0.62
"USA-MI",2020 W07,36,3120646,1.2,34,17,51,2,19,-15,1.07,0.54,1.59,0.13,0.66,-0.39
"USA-MI",2020 W08,35,3119727,1.1,28,11,44,7,24,-9,0.9,0.38,1.42,0.2,0.72,-0.32
"USA-MI",2020 W09,32,3118807,1,39,22,56,-7,10,-24,1.23,0.71,1.76,-0.23,0.29,-0.76
"USA-MI",2020 W10,37,3117887,1.2,35,19,52,2,18,-15,1.13,0.61,1.66,0.07,0.59,-0.46
"USA-MI",2020 W11,30,3116968,1,34,17,51,-4,13,-21,1.1,0.58,1.62,-0.1,0.42,-0.62
"USA-MI",2020 W12,30,3116048,1,36,20,53,-6,10,-23,1.2,0.68,1.72,-0.2,0.32,-0.72
"USA-MI",2020 W13,35,3115129,1.1,37,20,53,-2,15,-18,1.17,0.64,1.69,-0.07,0.46,-0.59
"USA-MI",2020 W14,35,3114209,1.1,25,9,42,10,26,-7,0.8,0.28,1.32,0.3,0.82,-0.22
"USA-MI",2020 W15,32,3113289,1,37,21,54,-5,11,-22,1.23,0.71,1.76,-0.23,0.29,-0.76
"USA-MI",2020 W16,36,3112370,1.2,27,10,43,9,26,-7,0.87,0.34,1.39,0.33,0.86,-0.19
"USA-MI",2020 W17,32,3111450,1,36,20,53,-4,12,-21,1.2,0.68,1.72,-0.2,0.32,-0.72
"USA-MI",2020 W18,40,3110531,1.3,36,19,53,4,21,-13,1.13,0.61,1.66,0.17,0.69,-0.36
"USA-MI",2020 W19,38,3109611,1.2,29,12,45,9,26,-7,0.93,0.41,1.46,0.27,0.79,-0.26
"USA-MI",2020 W20,33,3108692,1.1,32,15,48,1,18,-15,1.03,0.51,1.56,0.07,0.59,-0.46
"USA-MI",2020 W21,34,3107772,1.1,34,17,50,0,17,-16,1.1,0.58,1.62,0,0.52,-0.52
"USA-MI",2020 W22,44,3106852,1.4,38,22,55,6,22,-11,1.23,0.71,1.76,0.17,0.69,-0.36
"USA-MI",2020 W23,49,3105933,1.6,31,14,47,18,35,2,1,0.48,1.52,0.6,1.12,0.08
"USA-MI",2020 W24,53,3105013,1.7,42,25,58,11,28,-5,1.33,0.81,1.86,0.37,0.89,-0.16
"USA-MI",2020 W25,45,3104094,1.4,36,19,53,9,26,-8,1.2,0.68,1.72,0.2,0.72,-0.32
"USA-MI",2020 W26,53,3103174,1.7,29,12,46,24,41,7,0.93,0.41,1.46,0.77,1.29,0.24
"USA-MI",2020 W27,46,3102254,1.5,37,20,54,9,26,-8,1.2,0.68,1.72,0.3,0.82,-0.22
"USA-MI",2020 W28,47,3101335,1.5,37,21,54,10,26,-7,1.2,0.68,1.72,0.3,0.82,-0.22
"USA-MI",2020 W29,40,3100415,1.3,32,15,49,8,25,-9,1.07,0.54,1.59,0.23,0.76,-0.29
"USA-MI",2020 W30,50,3099496,1.6,25,8,42,25,42,8,0.83,0.31,1.36,0.77,1.29,0.24
"USA-MI",2020 W31,54,3098576,1.7,31,14,48,23,40,6,1,0.48,1.52,0.7,1.22,0.18
"USA-MI",2020 W32,41,3097657,1.3,36,19,52,5,22,-11,1.17,0.64,1.69,0.13,0.66,-0.39
"USA-MI",2020 W33,33,3096737,1.1,32,16,49,1,17,-16,1.03,0.51,1.56,0.07,0.59,-0.46
"USA-MI",2020 W34,40,3095817,1.3,35,18,52,5,22,-12,1.1,0.58,1.62,0.2,0.72,-0.32
"USA-MI",2020 W35,34,3094898,1.1,42,25,58,-8,9,-24,1.33,0.81,1.86,-0.23,0.29,-0.76
"USA-MI",2020 W36,46,3093978,1.5,30,13,47,16,33,-1,0.97,0.44,1.49,0.53,1.06,0.01
"USA-MI",2020 W37,36,3093059,1.2,33,16,49,3,20,-13,1.07,0.54,1.59,0.13,0.66,-0.39
"USA-MI",2020 W38,39,3092139,1.3,39,22,55,0,17,-16,1.27,0.74,1.79,0.03,0.56,-0.49
"USA-MI",2020 W39,32,3091220,1,34,17,51,-2,15,-19,1.1,0.58,1.62,-0.1,0.42,-0.62
"USA-MI",2020 W40,41,3090300,1.3,30,13,46,11,28,-5,0.97,0.44,1.49,0.33,0.86,-0.19
"USA-MI",2020 W41,32,3089380,1,28,11,44,4,21,-12,0.87,0.34,1.39,0.13,0.66,-0.39
"USA-MI",2020 W42,33,3088461,1.1,29,12,45,4,21,-12,0.93,0.41,1.46,0.17,0.69,-0.36
"USA-MI",2020 W43,33,3087541,1.1,28,12,45,5,21,-12,0.97,0.44,1.49,0.13,0.66,-0.39
"USA-MI",2020 W44,36,3086622,1.2,36,20,53,0,16,-17,1.17,0.64,1.69,0.03,0.56,-0.49
"USA-MI",2020 W45,40,3085702,1.3,34,18,51,6,22,-11,1.13,0.61,1.66,0.17,0.69,-0.36
"USA-MI",2020 W46,37,3084782,1.2,35,18,51,2,19,-14,1.13,0.61,1.66,0.07,0.59,-0.46
"USA-MI",2020 W47,37,3083863,1.2,30,13,46,7,24,-9,1,0.48,1.52,0.2,0.72,-0.32
"USA-MI",2020 W48,36,3082943,1.2,34,17,51,2,19,-15,1.1,0.58,1.62,0.1,0.62,-0.42
"USA-MI",2020 W49,32,3082024,1,32,15,48,0,17,-16,1.07,0.54,1.59,-0.07,0.46,-0.59
"USA-MI",2020 W50,28,3081104,0.9,33,16,50,-5,12,-22,1.1,0.58,1.62,-0.2,0.32,-0.72
"USA-MI",2020 W51,40,3080185,1.3,26,10,43,14,30,-3,0.87,0.34,1.39,0.43,0.96,-0.09
"USA-MI",2020 W52,49,3079265,1.6,30,13,46,19,36,3,0.97,0.44,1.49,0.63,1.16,0.11
"USA-MI",2020 W53,36,3078379,1.2,40,23,57,-4,13,-21,1.28,0.75,1.82,-0.08,0.45,-0.62
"USA-MI",2021 W01,35,3077899,1.1,34,17,50,1,18,-15,1.08,0.55,1.62,0.02,0.55,-0.52
"USA-MI",2021 W02,35,3077532,1.1,36,19,53,-1,16,-18,1.18,0.65,1.72,-0.08,0.45,-0.62
"USA-MI",2021 W03,32,3077166,1,32,15,48,0,17,-16,1.05,0.52,1.58,-0.05,0.48,-0.58
"USA-MI",2021 W04,31,3076799,1,25,8,41,6,23,-10,0.82,0.28,1.35,0.18,0.72,-0.35
"USA-MI",2021 W05,28,3076432,0.9,35,18,52,-7,10,-24,1.15,0.62,1.68,-0.25,0.28,-0.78
"USA-MI",2021 W06,27,3076065,0.9,32,15,49,-5,12,-22,1.02,0.48,1.55,-0.12,0.42,-0.65
"USA-MI",2021 W07,38,3075698,1.2,26,9,43,12,29,-5,0.85,0.32,1.38,0.35,0.88,-0.18
"USA-MI",2021 W08,48,3075331,1.6,37,20,54,11,28,-6,1.18,0.65,1.72,0.42,0.95,-0.12
"USA-MI",2021 W09,32,3074964,1,34,17,50,-2,15,-18,1.08,0.55,1.62,-0.08,0.45,-0.62
"USA-MI",2021 W10,29,3074597,0.9,32,15,49,-3,14,-20,1.05,0.52,1.58,-0.15,0.38,-0.68
"USA-MI",2021 W11,39,3074230,1.3,35,18,51,4,21,-12,1.15,0.62,1.68,0.15,0.68,-0.38
"USA-MI",2021 W12,35,3073863,1.1,35,18,52,0,17,-17,1.12,0.58,1.65,-0.02,0.52,-0.55
"USA-MI",2021 W13,29,3073496,0.9,24,7,40,5,22,-11,0.75,0.22,1.28,0.15,0.68,-0.38
"USA-MI",2021 W14,39,3073129,1.3,36,19,52,3,20,-13,1.18,0.65,1.72,0.12,0.65,-0.42
"USA-MI",2021 W15,44,3072762,1.4,25,8,42,19,36,2,0.82,0.28,1.35,0.58,1.12,0.05
"USA-MI",2021 W16,45,3072395,1.5,35,18,51,10,27,-6,1.15,0.62,1.68,0.35,0.88,-0.18
"USA-MI",2021 W17,34,3072028,1.1,34,17,51,0,17,-17,1.08,0.55,1.62,0.02,0.55,-0.52
"USA-MI",2021 W18,37,3071661,1.2,27,10,44,10,27,-7,0.88,0.35,1.42,0.32,0.85,-0.22
"USA-MI",2021 W19,31,3071294,1,30,13,47,1,18,-16,0.98,0.45,1.52,0.02,0.55,-0.52
"USA-MI",2021 W20,49,3070927,1.6,32,15,49,17,34,0,1.05,0.52,1.58,0.55,1.08,0.02
"USA-MI",2021 W21,37,3070560,1.2,37,20,53,0,17,-16,1.18,0.65,1.72,0.02,0.55,-0.52
"USA-MI",2021 W22,42,3070193,1.4,29,12,46,13,30,-4,0.95,0.42,1.48,0.45,0.98,-0.08
"USA-MI",2021 W23,42,3069826,1.4,40,23,57,2,19,-15,1.28,0.75,1.82,0.12,0.65,-0.42
"USA-MI",2021 W24,48,3069459,1.6,34,17,51,14,31,-3,1.15,0.62,1.68,0.45,0.98,-0.08
"USA-MI",2021 W25,41,3069092,1.3,27,10,44,14,31,-3,0.88,0.35,1.42,0.42,0.95,-0.12
"USA-MI",2021 W26,35,3068725,1.1,35,18,52,0,17,-17,1.15,0.62,1.68,-0.05,0.48,-0.58
"USA-MI",2021 W27,48,3068358,1.6,36,19,52,12,29,-4,1.15,0.62,1.68,0.45,0.98,-0.08
"USA-MI",2021 W28,42,3067991,1.4,30,13,47,12,29,-5,1.02,0.48,1.55,0.38,0.92,-0.15
"USA-MI",2021 W29,43,3067624,1.4,23,6,40,20,37,3,0.78,0.25,1.32,0.62,1.15,0.08
"USA-MI",2021 W30,42,3067257,1.4,29,12,46,13,30,-4,0.95,0.42,1.48,0.45,0.98,-0.08
"USA-MI",2021 W31,34,3066890,1.1,34,17,51,0,17,-17,1.12,0.58,1.65,-0.02,0.52,-0.55
"USA-MI",2021 W32,46,3066523,1.5,31,14,47,15,32,-1,0.98,0.45,1.52,0.52,1.05,-0.02
"USA-MI",2021 W33,40,3066156,1.3,33,16,50,7,24,-10,1.05,0.52,1.58,0.25,0.78,-0.28
"USA-MI",2021 W34,38,3065789,1.2,40,23,57,-2,15,-19,1.28,0.75,1.82,-0.08,0.45,-0.62
"USA-MI",2021 W35,37,3065422,1.2,28,11,45,9,26,-8,0.92,0.38,1.45,0.28,0.82,-0.25
"USA-MI",2021 W36,32,3065055,1,31,14,48,1,18,-16,1.02,0.48,1.55,-0.02,0.52,-0.55
"USA-MI",2021 W37,36,3064688,1.2,37,20,54,-1,16,-18,1.22,0.68,1.75,-0.02,0.52,-0.55
"USA-MI",2021 W38,54,3064321,1.8,32,15,49,22,39,5,1.05,0.52,1.58,0.75,1.28,0.22
"USA-MI",2021 W39,44,3063954,1.4,28,11,45,16,33,-1,0.92,0.38,1.45,0.48,1.02,-0.05
"USA-MI",2021 W40,45,3063588,1.5,26,9,43,19,36,2,0.82,0.28,1.35,0.68,1.22,0.15
"USA-MI",2021 W41,33,3063221,1.1,27,10,44,6,23,-11,0.88,0.35,1.42,0.22,0.75,-0.32
"USA-MI",2021 W42,45,3062854,1.5,27,10,43,18,35,2,0.92,0.38,1.45,0.58,1.12,0.05
"USA-MI",2021 W43,32,3062487,1,35,18,51,-3,14,-19,1.12,0.58,1.65,-0.12,0.42,-0.65
"USA-MI",2021 W44,40,3062120,1.3,33,16,49,7,24,-9,1.08,0.55,1.62,0.22,0.75,-0.32
"USA-MI",2021 W45,35,3061753,1.1,33,16,50,2,19,-15,1.08,0.55,1.62,0.02,0.55,-0.52
"USA-MI",2021 W46,33,3061386,1.1,28,11,45,5,22,-12,0.95,0.42,1.48,0.15,0.68,-0.38
"USA-MI",2021 W47,36,3061019,1.2,32,15,49,4,21,-13,1.05,0.52,1.58,0.15,0.68,-0.38
"USA-MI",2021 W48,36,3060652,1.2,30,13,47,6,23,-11,1.02,0.48,1.55,0.18,0.72,-0.35
"USA-MI",2021 W49,34,3060285,1.1,31,14,48,3,20,-14,1.05,0.52,1.58,0.05,0.58,-0.48
"USA-MI",2021 W50,44,3059918,1.4,25,8,41,19,36,3,0.82,0.28,1.35,0.58,1.12,0.05
"USA-MI",2021 W51,33,3059551,1.1,28,11,45,5,22,-12,0.92,0.38,1.45,0.18,0.72,-0.35
"USA-MI",2021 W52,41,3059184,1.3,38,21,55,3,20,-14,1.23,0.69,1.78,0.07,0.61,-0.48
"USA-MI",2022 W01,44,3058817,1.4,32,14,49,12,30,-5,1.03,0.49,1.58,0.37,0.91,-0.18
"USA-MI",2022 W02,35,3058450,1.1,34,17,51,1,18,-16,1.13,0.59,1.68,-0.03,0.51,-0.58
"USA-MI",2022 W03,37,3058083,1.2,30,12,47,7,25,-10,1,0.45,1.55,0.2,0.75,-0.35
"USA-MI",2022 W04,41,3057716,1.3,23,5,40,18,36,1,0.77,0.22,1.31,0.53,1.08,-0.01
"USA-MI",2022 W05,29,3057349,0.9,33,16,51,-4,13,-22,1.1,0.55,1.65,-0.2,0.35,-0.75
"USA-MI",2022 W06,32,3056982,1,30,13,48,2,19,-16,0.97,0.42,1.51,0.03,0.58,-0.51
"USA-MI",2022 W07,32,3056615,1,24,7,41,8,25,-9,0.8,0.25,1.35,0.2,0.75,-0.35
"USA-MI",2022 W08,26,3056248,0.9,35,18,53,-9,8,-27,1.13,0.59,1.68,-0.23,0.31,-0.78
"USA-MI",2022 W09,28,3055881,0.9,32,14,49,-4,14,-21,1.03,0.49,1.58,-0.13,0.41,-0.68
"USA-MI",2022 W10,32,3055514,1,30,13,48,2,19,-16,1,0.45,1.55,0,0.55,-0.55
"USA-MI",2022 W11,35,3055148,1.1,33,15,50,2,20,-15,1.1,0.55,1.65,0,0.55,-0.55
"USA-MI",2022 W12,32,3054781,1,33,16,50,-1,16,-18,1.07,0.52,1.61,-0.07,0.48,-0.61
"USA-MI",2022 W13,36,3054414,1.2,22,4,39,14,32,-3,0.7,0.15,1.25,0.5,1.05,-0.05
"USA-MI",2022 W14,34,3054047,1.1,34,16,51,0,18,-17,1.13,0.59,1.68,-0.03,0.51,-0.58
"USA-MI",2022 W15,26,3053680,0.9,23,6,40,3,20,-14,0.77,0.22,1.31,0.13,0.68,-0.41
"USA-MI",2022 W16,29,3053313,0.9,33,15,50,-4,14,-21,1.1,0.55,1.65,-0.2,0.35,-0.75
"USA-MI",2022 W17,35,3052946,1.1,32,15,50,3,20,-15,1.03,0.49,1.58,0.07,0.61,-0.48
"USA-MI",2022 W18,24,3052579,0.8,25,8,42,-1,16,-18,0.83,0.29,1.38,-0.03,0.51,-0.58
"USA-MI",2022 W19,48,3052212,1.6,28,11,45,20,37,3,0.93,0.39,1.48,0.67,1.21,0.12
"USA-MI",2022 W20,37,3051845,1.2,30,13,47,7,24,-10,1,0.45,1.55,0.2,0.75,-0.35
"USA-MI",2022 W21,30,3051478,1,35,17,52,-5,13,-22,1.13,0.59,1.68,-0.13,0.41,-0.68
"USA-MI",2022 W22,39,3051111,1.3,27,10,44,12,29,-5,0.9,0.35,1.45,0.4,0.95,-0.15
"USA-MI",2022 W23,38,3050744,1.2,38,21,55,0,17,-17,1.23,0.69,1.78,-0.03,0.51,-0.58
"USA-MI",2022 W24,39,3050377,1.3,32,15,50,7,24,-11,1.1,0.55,1.65,0.2,0.75,-0.35
"USA-MI",2022 W25,51,3050010,1.7,25,8,43,26,43,8,0.83,0.29,1.38,0.87,1.41,0.32
"USA-MI",2022 W26,36,3049644,1.2,33,16,51,3,20,-15,1.1,0.55,1.65,0.1,0.65,-0.45
"USA-MI",2022 W27,38,3049277,1.2,34,16,51,4,22,-13,1.1,0.55,1.65,0.1,0.65,-0.45
"USA-MI",2022 W28,37,3048910,1.2,28,11,46,9,26,-9,0.97,0.42,1.51,0.23,0.78,-0.31
"USA-MI",2022 W29,34,3048543,1.1,21,4,39,13,30,-5,0.73,0.19,1.28,0.37,0.91,-0.18
"USA-MI",2022 W30,54,3048176,1.8,27,10,45,27,44,9,0.9,0.35,1.45,0.9,1.45,0.35
"USA-MI",2022 W31,38,3047809,1.2,32,15,49,6,23,-11,1.07,0.52,1.61,0.13,0.68,-0.41
"USA-MI",2022 W32,47,3047442,1.5,29,11,46,18,36,1,0.93,0.39,1.48,0.57,1.11,0.02
"USA-MI",2022 W33,23,3047075,0.8,31,14,49,-8,9,-26,1,0.45,1.55,-0.2,0.35,-0.75
"USA-MI",2022 W34,42,3046708,1.4,38,21,55,4,21,-13,1.23,0.69,1.78,0.17,0.71,-0.38
"USA-MI",2022 W35,38,3046341,1.2,26,9,44,12,29,-6,0.87,0.32,1.41,0.33,0.88,-0.21
"USA-MI",2022 W36,29,3045974,1,29,12,46,0,17,-17,0.97,0.42,1.51,0.03,0.58,-0.51
"USA-MI",2022 W37,32,3045607,1.1,35,18,52,-3,14,-20,1.17,0.62,1.71,-0.07,0.48,-0.61
"USA-MI",2022 W38,34,3045240,1.1,30,13,48,4,21,-14,1,0.45,1.55,0.1,0.65,-0.45
"USA-MI",2022 W39,32,3044873,1.1,26,9,43,6,23,-11,0.87,0.32,1.41,0.23,0.78,-0.31
"USA-MI",2022 W40,32,3044506,1.1,24,7,41,8,25,-9,0.77,0.22,1.31,0.33,0.88,-0.21
"USA-MI",2022 W41,33,3044140,1.1,25,8,42,8,25,-9,0.83,0.29,1.38,0.27,0.81,-0.28
"USA-MI",2022 W42,33,3043773,1.1,25,7,42,8,26,-9,0.87,0.32,1.41,0.23,0.78,-0.31
"USA-MI",2022 W43,38,3043406,1.2,33,15,50,5,23,-12,1.07,0.52,1.61,0.13,0.68,-0.41
"USA-MI",2022 W44,43,3043039,1.4,31,13,48,12,30,-5,1.03,0.49,1.58,0.37,0.91,-0.18
"USA-MI",2022 W45,33,3042672,1.1,31,14,48,2,19,-15,1.03,0.49,1.58,0.07,0.61,-0.48
"USA-MI",2022 W46,42,3042305,1.4,26,9,43,16,33,-1,0.9,0.35,1.45,0.5,1.05,-0.05
"USA-MI",2022 W47,35,3041938,1.2,30,13,48,5,22,-13,1,0.45,1.55,0.2,0.75,-0.35
"USA-MI",2022 W48,42,3041571,1.4,28,11,45,14,31,-3,0.97,0.42,1.51,0.43,0.98,-0.11
"USA-MI",2022 W49,47,3041204,1.5,29,12,47,18,35,0,1,0.45,1.55,0.5,1.05,-0.05
"USA-MI",2022 W50,32,3040837,1.1,23,5,40,9,27,-8,0.77,0.22,1.31,0.33,0.88,-0.21
"USA-MI",2022 W51,42,3040470,1.4,26,9,43,16,33,-1,0.87,0.32,1.41,0.53,1.08,-0.01
"USA-MI",2022 W52,36,3040103,1.2,36,18,54,0,18,-18,1.18,0.62,1.75,0.02,0.58,-0.55
"USA-MI",2023 W01,37,3039736,1.2,30,12,48,7,25,-11,0.98,0.42,1.55,0.22,0.78,-0.35
"USA-MI",2023 W02,27,3039369,0.9,32,14,50,-5,13,-23,1.08,0.52,1.65,-0.18,0.38,-0.75
"USA-MI",2023 W03,33,3039002,1.1,28,10,46,5,23,-13,0.95,0.39,1.51,0.15,0.71,-0.41
"USA-MI",2023 W04,33,3038636,1.1,21,3,39,12,30,-6,0.72,0.15,1.28,0.38,0.95,-0.18
"USA-MI",2023 W05,26,3038269,0.9,32,14,49,-6,12,-23,1.05,0.49,1.61,-0.15,0.41,-0.71
"USA-MI",2023 W06,37,3037902,1.2,29,11,46,8,26,-9,0.92,0.35,1.48,0.28,0.85,-0.28
"USA-MI",2023 W07,36,3037535,1.2,22,4,40,14,32,-4,0.75,0.19,1.31,0.45,1.01,-0.11
"USA-MI",2023 W08,26,3037168,0.9,34,16,51,-8,10,-25,1.08,0.52,1.65,-0.18,0.38,-0.75
"USA-MI",2023 W09,39,3036801,1.3,30,12,48,9,27,-9,0.98,0.42,1.55,0.32,0.88,-0.25
"USA-MI",2023 W10,27,3036434,0.9,29,11,46,-2,16,-19,0.95,0.39,1.51,-0.05,0.51,-0.61
"USA-MI",2023 W11,40,3036067,1.3,31,13,49,9,27,-9,1.05,0.49,1.61,0.25,0.81,-0.31
"USA-MI",2023 W12,31,3035700,1,31,13,49,0,18,-18,1.02,0.45,1.58,-0.02,0.55,-0.58
"USA-MI",2023 W13,28,3035333,0.9,20,2,38,8,26,-10,0.65,0.09,1.21,0.25,0.81,-0.31
"USA-MI",2023 W14,40,3034966,1.3,32,14,50,8,26,-10,1.08,0.52,1.65,0.22,0.78,-0.35
"USA-MI",2023 W15,33,3034599,1.1,21,3,39,12,30,-6,0.72,0.15,1.28,0.38,0.95,-0.18
"USA-MI",2023 W16,31,3034232,1,31,13,49,0,18,-18,1.05,0.49,1.61,-0.05,0.51,-0.61
"USA-MI",2023 W17,27,3033865,0.9,31,13,48,-4,14,-21,0.98,0.42,1.55,-0.08,0.48,-0.65
"USA-MI",2023 W18,42,3033498,1.4,23,5,41,19,37,1,0.78,0.22,1.35,0.62,1.18,0.05
"USA-MI",2023 W19,27,3033132,0.9,26,8,44,1,19,-17,0.88,0.32,1.45,0.02,0.58,-0.55
"USA-MI",2023 W20,41,3032765,1.4,28,10,46,13,31,-5,0.95,0.39,1.51,0.45,1.01,-0.11
"USA-MI",2023 W21,35,3032398,1.2,33,15,51,2,20,-16,1.08,0.52,1.65,0.12,0.68,-0.45
"USA-MI",2023 W22,33,3032031,1.1,25,7,43,8,26,-10,0.85,0.29,1.41,0.25,0.81,-0.31
"USA-MI",2023 W23,47,3031664,1.6,36,18,54,11,29,-7,1.18,0.62,1.75,0.42,0.98,-0.15
"USA-MI",2023 W24,44,3031297,1.5,31,13,48,13,31,-4,1.05,0.49,1.61,0.45,1.01,-0.11
"USA-MI",2023 W25,35,3030930,1.2,24,6,41,11,29,-6,0.78,0.22,1.35,0.42,0.98,-0.15
"USA-MI",2023 W26,31,3030563,1,32,14,49,-1,17,-18,1.05,0.49,1.61,-0.05,0.51,-0.61
"USA-MI",2023 W27,37,3030196,1.2,32,14,50,5,23,-13,1.05,0.49,1.61,0.15,0.71,-0.41
"USA-MI",2023 W28,14,3029829,0.5,27,9,44,-13,5,-30,0.92,0.35,1.48,-0.42,0.15,-0.98
"USA-NC",2017 W01,40,3236473,1.2,44,30,59,-4,10,-19,1.33,0.88,1.79,-0.13,0.32,-0.59
"USA-NC",2017 W02,36,3236693,1.1,42,28,57,-6,8,-21,1.26,0.81,1.72,-0.16,0.29,-0.62
"USA-NC",2017 W03,36,3236913,1.1,42,27,56,-6,9,-20,1.3,0.84,1.75,-0.2,0.26,-0.65
"USA-NC",2017 W04,44,3237133,1.4,41,27,56,3,17,-12,1.26,0.81,1.72,0.14,0.59,-0.32
"USA-NC",2017 W05,39,3237353,1.2,39,24,53,0,15,-14,1.2,0.74,1.65,0,0.46,-0.45
"USA-NC",2017 W06,39,3237573,1.2,40,26,55,-1,13,-16,1.23,0.78,1.69,-0.03,0.42,-0.49
"USA-NC",2017 W07,41,3237793,1.3,47,33,62,-6,8,-21,1.5,1.04,1.95,-0.2,0.26,-0.65
"USA-NC",2017 W08,35,3238013,1.1,39,24,53,-4,11,-18,1.2,0.74,1.65,-0.1,0.36,-0.55
"USA-NC",2017 W09,40,3238233,1.2,38,24,53,2,16,-13,1.16,0.71,1.62,0.04,0.49,-0.42
"USA-NC",2017 W10,46,3238454,1.4,38,23,52,8,23,-6,1.16,0.71,1.62,0.24,0.69,-0.22
"USA-NC",2017 W11,50,3238674,1.5,43,29,58,7,21,-8,1.3,0.84,1.75,0.2,0.66,-0.25
"USA-NC",2017 W12,49,3238894,1.5,43,29,58,6,20,-9,1.33,0.88,1.79,0.17,0.62,-0.29
"USA-NC",2017 W13,44,3239114,1.4,41,27,56,3,17,-12,1.3,0.84,1.75,0.1,0.56,-0.35
"USA-NC",2017 W14,36,3239334,1.1,44,29,58,-8,7,-22,1.33,0.88,1.79,-0.23,0.22,-0.69
"USA-NC",2017 W15,37,3239554,1.1,39,24,53,-2,13,-16,1.2,0.74,1.65,-0.1,0.36,-0.55
"USA-NC",2017 W16,53,3239774,1.6,52,37,66,1,16,-13,1.56,1.11,2.02,0.04,0.49,-0.42
"USA-NC",2017 W17,49,3239994,1.5,45,31,60,4,18,-11,1.36,0.91,1.82,0.14,0.59,-0.32
"USA-NC",2017 W18,60,3240214,1.9,54,40,69,6,20,-9,1.66,1.21,2.12,0.24,0.69,-0.22
"USA-NC",2017 W19,31,3240434,1,41,27,56,-10,4,-25,1.3,0.84,1.75,-0.3,0.16,-0.75
"USA-NC",2017 W20,50,3240654,1.5,44,30,59,6,20,-9,1.33,0.88,1.79,0.17,0.62,-0.29
"USA-NC",2017 W21,42,3240875,1.3,39,25,54,3,17,-12,1.23,0.78,1.69,0.07,0.52,-0.39
"USA-NC",2017 W22,58,3241095,1.8,54,40,69,4,18,-11,1.66,1.21,2.12,0.14,0.59,-0.32
"USA-NC",2017 W23,43,3241315,1.3,52,38,67,-9,5,-24,1.6,1.14,2.05,-0.3,0.16,-0.75
"USA-NC",2017 W24,46,3241535,1.4,49,34,63,-3,12,-17,1.5,1.04,1.95,-0.1,0.36,-0.55
"USA-NC",2017 W25,45,3241755,1.4,45,30,59,0,15,-14,1.36,0.91,1.82,0.04,0.49,-0.42
"USA-NC",2017 W26,40,3241975,1.2,38,24,53,2,16,-13,1.16,0.71,1.62,0.04,0.49,-0.42
"USA-NC",2017 W27,37,3242195,1.1,46,31,60,-9,6,-23,1.4,0.94,1.85,-0.3,0.16,-0.75
"USA-NC",2017 W28,53,3242415,1.6,45,31,60,8,22,-7,1.4,0.94,1.85,0.2,0.66,-0.25
"USA-NC",2017 W29,46,3242635,1.4,39,24,53,7,22,-7,1.16,0.71,1.62,0.24,0.69,-0.22
"USA-NC",2017 W30,43,3242855,1.3,46,32,61,-3,11,-18,1.4,0.94,1.85,-0.1,0.36,-0.55
"USA-NC",2017 W31,39,3243075,1.2,36,21,50,3,18,-11,1.1,0.64,1.55,0.1,0.56,-0.35
"USA-NC",2017 W32,52,3243295,1.6,52,37,66,0,15,-14,1.6,1.14,2.05,0,0.46,-0.45
"USA-NC",2017 W33,53,3243516,1.6,46,31,60,7,22,-7,1.4,0.94,1.85,0.2,0.66,-0.25
"USA-NC",2017 W34,55,3243736,1.7,46,32,61,9,23,-6,1.43,0.98,1.89,0.27,0.72,-0.19
"USA-NC",2017 W35,37,3243956,1.1,41,27,56,-4,10,-19,1.26,0.81,1.72,-0.16,0.29,-0.62
"USA-NC",2017 W36,53,3244176,1.6,47,32,61,6,21,-8,1.43,0.98,1.89,0.17,0.62,-0.29
"USA-NC",2017 W37,36,3244396,1.1,35,21,50,1,15,-14,1.06,0.61,1.52,0.04,0.49,-0.42
"USA-NC",2017 W38,40,3244616,1.2,43,29,58,-3,11,-18,1.33,0.88,1.79,-0.13,0.32,-0.59
"USA-NC",2017 W39,59,3244836,1.8,47,33,62,12,26,-3,1.43,0.98,1.89,0.37,0.82,-0.09
"USA-NC",2017 W40,41,3245056,1.3,41,26,55,0,15,-14,1.26,0.81,1.72,0.04,0.49,-0.42
"USA-NC",2017 W41,40,3245276,1.2,38,24,53,2,16,-13,1.16,0.71,1.62,0.04,0.49,-0.42
"USA-NC",2017 W42,40,3245496,1.2,47,33,62,-7,7,-22,1.43,0.98,1.89,-0.23,0.22,-0.69
"USA-NC",2017 W43,38,3245716,1.2,43,28,57,-5,10,-19,1.33,0.88,1.79,-0.13,0.32,-0.59
"USA-NC",2017 W44,34,3245937,1,42,28,57,-8,6,-23,1.3,0.84,1.75,-0.3,0.16,-0.75
"USA-NC",2017 W45,48,3246157,1.5,45,31,60,3,17,-12,1.4,0.94,1.85,0.1,0.56,-0.35
"USA-NC",2017 W46,49,3246377,1.5,51,36,65,-2,13,-16,1.56,1.11,2.02,-0.06,0.39,-0.52
"USA-NC",2017 W47,42,3246597,1.3,46,32,61,-4,10,-19,1.43,0.98,1.89,-0.13,0.32,-0.59
"USA-NC",2017 W48,33,3246817,1,37,23,52,-4,10,-19,1.16,0.71,1.62,-0.16,0.29,-0.62
"USA-NC",2017 W49,45,3247037,1.4,43,29,58,2,16,-13,1.33,0.88,1.79,0.07,0.52,-0.39
"USA-NC",2017 W50,49,3247257,1.5,43,29,58,6,20,-9,1.33,0.88,1.79,0.17,0.62,-0.29
"USA-NC",2017 W51,50,3247477,1.5,45,31,60,5,19,-10,1.4,0.94,1.85,0.1,0.56,-0.35
"USA-NC",2017 W52,44,3247697,1.4,47,32,61,-3,12,-17,1.46,1.01,1.92,-0.06,0.39,-0.52
"USA-NC",2018 W01,43,3247877,1.3,43,29,57,0,14,-14,1.3,0.85,1.75,0,0.45,-0.45
"USA-NC",2018 W02,40,3248002,1.2,41,27,55,-1,13,-15,1.23,0.78,1.69,-0.03,0.42,-0.49
"USA-NC",2018 W03,51,3248127,1.6,41,26,55,10,25,-4,1.27,0.81,1.72,0.33,0.79,-0.12
"USA-NC",2018 W04,43,3248253,1.3,40,26,55,3,17,-12,1.23,0.78,1.69,0.07,0.52,-0.39
"USA-NC",2018 W05,42,3248378,1.3,38,23,52,4,19,-10,1.17,0.71,1.62,0.13,0.59,-0.32
"USA-NC",2018 W06,42,3248503,1.3,39,25,53,3,17,-11,1.2,0.75,1.65,0.1,0.55,-0.35
"USA-NC",2018 W07,54,3248629,1.7,46,32,61,8,22,-7,1.47,1.01,1.92,0.23,0.69,-0.22
"USA-NC",2018 W08,41,3248754,1.3,38,23,52,3,18,-11,1.17,0.71,1.62,0.13,0.59,-0.32
"USA-NC",2018 W09,42,3248879,1.3,37,23,52,5,19,-10,1.13,0.68,1.59,0.17,0.62,-0.29
"USA-NC",2018 W10,29,3249005,0.9,37,22,51,-8,7,-22,1.13,0.68,1.59,-0.23,0.22,-0.69
"USA-NC",2018 W11,34,3249130,1,42,28,57,-8,6,-23,1.27,0.81,1.72,-0.27,0.19,-0.72
"USA-NC",2018 W12,33,3249255,1,42,28,57,-9,5,-24,1.3,0.85,1.75,-0.3,0.15,-0.75
"USA-NC",2018 W13,35,3249381,1.1,40,26,55,-5,9,-20,1.27,0.81,1.72,-0.17,0.29,-0.62
"USA-NC",2018 W14,45,3249506,1.4,43,28,57,2,17,-12,1.3,0.85,1.75,0.1,0.55,-0.35
"USA-NC",2018 W15,41,3249631,1.3,38,23,52,3,18,-11,1.17,0.71,1.62,0.13,0.59,-0.32
"USA-NC",2018 W16,52,3249757,1.6,51,36,65,1,16,-13,1.53,1.08,1.99,0.07,0.52,-0.39
"USA-NC",2018 W17,36,3249882,1.1,44,30,58,-8,6,-22,1.33,0.88,1.79,-0.23,0.22,-0.69
"USA-NC",2018 W18,53,3250007,1.6,53,39,68,0,14,-15,1.63,1.18,2.09,-0.03,0.42,-0.49
"USA-NC",2018 W19,52,3250133,1.6,40,26,55,12,26,-3,1.27,0.81,1.72,0.33,0.79,-0.12
"USA-NC",2018 W20,37,3250258,1.1,43,29,58,-6,8,-21,1.3,0.85,1.75,-0.2,0.25,-0.65
"USA-NC",2018 W21,32,3250383,1,38,24,53,-6,8,-21,1.2,0.75,1.65,-0.2,0.25,-0.65
"USA-NC",2018 W22,45,3250509,1.4,53,39,67,-8,6,-22,1.63,1.18,2.09,-0.23,0.22,-0.69
"USA-NC",2018 W23,49,3250634,1.5,51,37,65,-2,12,-16,1.57,1.11,2.02,-0.07,0.39,-0.52
"USA-NC",2018 W24,51,3250759,1.6,48,33,62,3,18,-11,1.47,1.01,1.92,0.13,0.59,-0.32
"USA-NC",2018 W25,36,3250885,1.1,44,29,58,-8,7,-22,1.33,0.88,1.79,-0.23,0.22,-0.69
"USA-NC",2018 W26,35,3251010,1.1,37,23,51,-2,12,-16,1.13,0.68,1.59,-0.03,0.42,-0.49
"USA-NC",2018 W27,49,3251135,1.5,45,30,59,4,19,-10,1.37,0.91,1.82,0.13,0.59,-0.32
"USA-NC",2018 W28,41,3251261,1.3,44,30,58,-3,11,-17,1.37,0.91,1.82,-0.07,0.39,-0.52
"USA-NC",2018 W29,34,3251386,1,38,23,52,-4,11,-18,1.13,0.68,1.59,-0.13,0.32,-0.59
"USA-NC",2018 W30,43,3251511,1.3,45,31,60,-2,12,-17,1.37,0.91,1.82,-0.07,0.39,-0.52
"USA-NC",2018 W31,34,3251637,1,35,20,49,-1,14,-15,1.07,0.61,1.52,-0.07,0.39,-0.52
"USA-NC",2018 W32,49,3251762,1.5,51,36,65,-2,13,-16,1.57,1.11,2.02,-0.07,0.39,-0.52
"USA-NC",2018 W33,44,3251887,1.4,45,30,59,-1,14,-15,1.37,0.91,1.82,0.03,0.49,-0.42
"USA-NC",2018 W34,40,3252013,1.2,45,31,60,-5,9,-20,1.4,0.95,1.85,-0.2,0.25,-0.65
"USA-NC",2018 W35,42,3252138,1.3,40,26,55,2,16,-13,1.23,0.78,1.69,0.07,0.52,-0.39
"USA-NC",2018 W36,39,3252263,1.2,46,31,60,-7,8,-21,1.4,0.95,1.85,-0.2,0.25,-0.65
"USA-NC",2018 W37,30,3252389,0.9,34,20,49,-4,10,-19,1.03,0.58,1.49,-0.13,0.32,-0.59
"USA-NC",2018 W38,39,3252514,1.2,42,28,57,-3,11,-18,1.3,0.85,1.75,-0.1,0.35,-0.55
"USA-NC",2018 W39,47,3252639,1.4,46,32,61,1,15,-14,1.4,0.95,1.85,0,0.45,-0.45
"USA-NC",2018 W40,45,3252765,1.4,40,25,54,5,20,-9,1.23,0.78,1.69,0.17,0.62,-0.29
"USA-NC",2018 W41,45,3252890,1.4,37,23,52,8,22,-7,1.13,0.68,1.59,0.27,0.72,-0.19
"USA-NC",2018 W42,48,3253015,1.5,46,32,60,2,16,-12,1.4,0.95,1.85,0.1,0.55,-0.35
"USA-NC",2018 W43,48,3253141,1.5,42,27,56,6,21,-8,1.3,0.85,1.75,0.2,0.65,-0.25
"USA-NC",2018 W44,48,3253266,1.5,41,27,56,7,21,-8,1.27,0.81,1.72,0.23,0.69,-0.22
"USA-NC",2018 W45,46,3253391,1.4,44,30,58,2,16,-12,1.37,0.91,1.82,0.03,0.49,-0.42
"USA-NC",2018 W46,51,3253517,1.6,50,35,64,1,16,-13,1.53,1.08,1.99,0.07,0.52,-0.39
"USA-NC",2018 W47,44,3253642,1.4,45,31,60,-1,13,-16,1.4,0.95,1.85,0,0.45,-0.45
"USA-NC",2018 W48,35,3253767,1.1,36,22,51,-1,13,-16,1.13,0.68,1.59,-0.03,0.42,-0.49
"USA-NC",2018 W49,42,3253892,1.3,42,28,56,0,14,-14,1.3,0.85,1.75,0,0.45,-0.45
"USA-NC",2018 W50,39,3254018,1.2,42,28,56,-3,11,-17,1.3,0.85,1.75,-0.1,0.35,-0.55
"USA-NC",2018 W51,44,3254143,1.4,44,30,59,0,14,-15,1.37,0.91,1.82,0.03,0.49,-0.42
"USA-NC",2018 W52,35,3254268,1.1,46,31,60,-11,4,-25,1.43,0.98,1.89,-0.33,0.12,-0.79
"USA-NC",2019 W01,46,3254234,1.4,42,27,56,4,19,-10,1.27,0.81,1.72,0.13,0.59,-0.32
"USA-NC",2019 W02,47,3253848,1.4,40,25,54,7,22,-7,1.2,0.75,1.66,0.2,0.65,-0.26
"USA-NC",2019 W03,35,3253451,1.1,40,25,54,-5,10,-19,1.24,0.78,1.69,-0.14,0.32,-0.59
"USA-NC",2019 W04,34,3253054,1,39,25,54,-5,9,-20,1.2,0.75,1.66,-0.2,0.25,-0.66
"USA-NC",2019 W05,32,3252657,1,37,22,51,-5,10,-19,1.14,0.68,1.59,-0.14,0.32,-0.59
"USA-NC",2019 W06,36,3252260,1.1,38,23,52,-2,13,-16,1.17,0.71,1.62,-0.07,0.39,-0.52
"USA-NC",2019 W07,44,3251863,1.4,45,31,60,-1,13,-16,1.44,0.98,1.89,-0.04,0.42,-0.49
"USA-NC",2019 W08,37,3251466,1.1,37,22,51,0,15,-14,1.14,0.68,1.59,-0.04,0.42,-0.49
"USA-NC",2019 W09,30,3251069,0.9,36,22,51,-6,8,-21,1.1,0.65,1.56,-0.2,0.25,-0.66
"USA-NC",2019 W10,35,3250672,1.1,36,21,50,-1,14,-15,1.1,0.65,1.56,0,0.45,-0.46
"USA-NC",2019 W11,43,3250275,1.3,41,27,56,2,16,-13,1.24,0.78,1.69,0.06,0.52,-0.39
"USA-NC",2019 W12,45,3249878,1.4,41,27,56,4,18,-11,1.27,0.81,1.72,0.13,0.59,-0.32
"USA-NC",2019 W13,42,3249481,1.3,39,25,54,3,17,-12,1.24,0.78,1.69,0.06,0.52,-0.39
"USA-NC",2019 W14,47,3249084,1.4,42,27,56,5,20,-9,1.27,0.81,1.72,0.13,0.59,-0.32
"USA-NC",2019 W15,35,3248687,1.1,37,22,51,-2,13,-16,1.14,0.68,1.59,-0.04,0.42,-0.49
"USA-NC",2019 W16,47,3248290,1.4,50,35,64,-3,12,-17,1.5,1.05,1.96,-0.1,0.35,-0.56
"USA-NC",2019 W17,47,3247893,1.4,43,28,57,4,19,-10,1.3,0.85,1.76,0.1,0.55,-0.36
"USA-NC",2019 W18,47,3247496,1.4,52,38,67,-5,9,-20,1.6,1.15,2.06,-0.2,0.25,-0.66
"USA-NC",2019 W19,38,3247099,1.2,39,25,54,-1,13,-16,1.24,0.78,1.69,-0.04,0.42,-0.49
"USA-NC",2019 W20,43,3246702,1.3,42,28,57,1,15,-14,1.27,0.81,1.72,0.03,0.49,-0.42
"USA-NC",2019 W21,41,3246305,1.3,37,23,52,4,18,-11,1.17,0.71,1.62,0.13,0.59,-0.32
"USA-NC",2019 W22,56,3245908,1.7,52,37,66,4,19,-10,1.6,1.15,2.06,0.1,0.55,-0.36
"USA-NC",2019 W23,61,3245511,1.9,50,35,64,11,26,-3,1.54,1.08,1.99,0.36,0.82,-0.09
"USA-NC",2019 W24,46,3245114,1.4,47,32,61,-1,14,-15,1.44,0.98,1.89,-0.04,0.42,-0.49
"USA-NC",2019 W25,50,3244717,1.5,43,28,57,7,22,-7,1.3,0.85,1.76,0.2,0.65,-0.26
"USA-NC",2019 W26,36,3244320,1.1,36,21,50,0,15,-14,1.1,0.65,1.56,0,0.45,-0.46
"USA-NC",2019 W27,48,3243923,1.5,44,29,58,4,19,-10,1.34,0.88,1.79,0.16,0.62,-0.29
"USA-NC",2019 W28,38,3243526,1.2,43,28,57,-5,10,-19,1.34,0.88,1.79,-0.14,0.32,-0.59
"USA-NC",2019 W29,33,3243130,1,37,22,51,-4,11,-18,1.1,0.65,1.56,-0.1,0.35,-0.56
"USA-NC",2019 W30,50,3242733,1.5,44,30,59,6,20,-9,1.34,0.88,1.79,0.16,0.62,-0.29
"USA-NC",2019 W31,31,3242336,1,34,19,48,-3,12,-17,1.04,0.58,1.49,-0.04,0.42,-0.49
"USA-NC",2019 W32,51,3241939,1.6,50,35,64,1,16,-13,1.54,1.08,1.99,0.06,0.52,-0.39
"USA-NC",2019 W33,37,3241542,1.1,44,29,58,-7,8,-21,1.34,0.88,1.79,-0.24,0.22,-0.69
"USA-NC",2019 W34,41,3241145,1.3,44,30,59,-3,11,-18,1.37,0.91,1.82,-0.07,0.39,-0.52
"USA-NC",2019 W35,42,3240748,1.3,39,25,54,3,17,-12,1.2,0.75,1.66,0.1,0.55,-0.36
"USA-NC",2019 W36,45,3240351,1.4,45,30,59,0,15,-14,1.37,0.91,1.82,0.03,0.49,-0.42
"USA-NC",2019 W37,37,3239954,1.1,33,19,48,4,18,-11,1,0.55,1.46,0.1,0.55,-0.36
"USA-NC",2019 W38,48,3239557,1.5,41,27,56,7,21,-8,1.27,0.81,1.72,0.23,0.69,-0.22
"USA-NC",2019 W39,33,3239160,1,45,31,60,-12,2,-27,1.37,0.91,1.82,-0.37,0.09,-0.82
"USA-NC",2019 W40,33,3238763,1,39,24,53,-6,9,-20,1.2,0.75,1.66,-0.2,0.25,-0.66
"USA-NC",2019 W41,27,3238366,0.8,36,22,51,-9,5,-24,1.1,0.65,1.56,-0.3,0.15,-0.76
"USA-NC",2019 W42,50,3237969,1.5,45,30,59,5,20,-9,1.37,0.91,1.82,0.13,0.59,-0.32
"USA-NC",2019 W43,39,3237572,1.2,41,26,55,-2,13,-16,1.27,0.81,1.72,-0.07,0.39,-0.52
"USA-NC",2019 W44,42,3237175,1.3,40,26,55,2,16,-13,1.24,0.78,1.69,0.06,0.52,-0.39
"USA-NC",2019 W45,38,3236778,1.2,43,28,57,-5,10,-19,1.34,0.88,1.79,-0.14,0.32,-0.59
"USA-NC",2019 W46,49,3236381,1.5,49,34,63,0,15,-14,1.5,1.05,1.96,0,0.45,-0.46
"USA-NC",2019 W47,50,3235984,1.5,44,30,59,6,20,-9,1.37,0.91,1.82,0.13,0.59,-0.32
"USA-NC",2019 W48,41,3235587,1.3,35,21,50,6,20,-9,1.1,0.65,1.56,0.2,0.65,-0.26
"USA-NC",2019 W49,39,3235190,1.2,41,26,55,-2,13,-16,1.27,0.81,1.72,-0.07,0.39,-0.52
"USA-NC",2019 W50,38,3234793,1.2,41,26,55,-3,12,-17,1.27,0.81,1.72,-0.07,0.39,-0.52
"USA-NC",2019 W51,39,3234396,1.2,43,29,58,-4,10,-19,1.34,0.88,1.79,-0.14,0.32,-0.59
"USA-NC",2019 W52,58,3233999,1.8,45,30,59,13,28,-1,1.4,0.95,1.86,0.4,0.85,-0.06
"USA-NC",2020 W01,34,3233800,1.1,41,26,56,-7,8,-22,1.24,0.78,1.7,-0.14,0.32,-0.6
"USA-NC",2020 W02,46,3234315,1.4,39,24,54,7,22,-8,1.17,0.71,1.63,0.23,0.69,-0.23
"USA-NC",2020 W03,37,3234888,1.1,39,24,53,-2,13,-16,1.21,0.75,1.66,-0.11,0.35,-0.56
"USA-NC",2020 W04,46,3235462,1.4,38,24,53,8,22,-7,1.17,0.71,1.63,0.23,0.69,-0.23
"USA-NC",2020 W05,43,3236036,1.3,36,21,50,7,22,-7,1.11,0.65,1.56,0.19,0.65,-0.26
"USA-NC",2020 W06,54,3236609,1.7,37,22,52,17,32,2,1.14,0.68,1.6,0.56,1.02,0.1
"USA-NC",2020 W07,50,3237183,1.5,44,30,59,6,20,-9,1.41,0.95,1.86,0.09,0.55,-0.36
"USA-NC",2020 W08,32,3237757,1,36,21,50,-4,11,-18,1.11,0.65,1.56,-0.11,0.35,-0.56
"USA-NC",2020 W09,44,3238330,1.4,35,21,50,9,23,-6,1.07,0.61,1.53,0.33,0.79,-0.13
"USA-NC",2020 W10,30,3238904,0.9,35,20,49,-5,10,-19,1.07,0.61,1.53,-0.17,0.29,-0.63
"USA-NC",2020 W11,56,3239478,1.7,40,26,55,16,30,1,1.21,0.75,1.66,0.49,0.95,0.04
"USA-NC",2020 W12,47,3240051,1.5,40,26,55,7,21,-8,1.24,0.78,1.7,0.26,0.72,-0.2
"USA-NC",2020 W13,56,3240625,1.7,38,24,53,18,32,3,1.21,0.75,1.66,0.49,0.95,0.04
"USA-NC",2020 W14,52,3241199,1.6,41,26,55,11,26,-3,1.24,0.78,1.7,0.36,0.82,-0.1
"USA-NC",2020 W15,53,3241772,1.6,36,21,50,17,32,3,1.11,0.65,1.56,0.49,0.95,0.04
"USA-NC",2020 W16,47,3242346,1.4,49,34,63,-2,13,-16,1.47,1.01,1.93,-0.07,0.39,-0.53
"USA-NC",2020 W17,48,3242920,1.5,42,27,57,6,21,-9,1.27,0.81,1.73,0.23,0.69,-0.23
"USA-NC",2020 W18,50,3243493,1.5,51,37,66,-1,13,-16,1.57,1.11,2.03,-0.07,0.39,-0.53
"USA-NC",2020 W19,50,3244067,1.5,38,24,53,12,26,-3,1.21,0.75,1.66,0.29,0.75,-0.16
"USA-NC",2020 W20,68,3244641,2.1,41,27,56,27,41,12,1.24,0.78,1.7,0.86,1.32,0.4
"USA-NC",2020 W21,48,3245214,1.5,36,22,51,12,26,-3,1.14,0.68,1.6,0.36,0.82,-0.1
"USA-NC",2020 W22,39,3245788,1.2,51,36,66,-12,3,-27,1.57,1.11,2.03,-0.37,0.09,-0.83
"USA-NC",2020 W23,52,3246362,1.6,49,34,64,3,18,-12,1.51,1.05,1.96,0.09,0.55,-0.36
"USA-NC",2020 W24,44,3246935,1.4,46,31,60,-2,13,-16,1.41,0.95,1.86,-0.01,0.45,-0.46
"USA-NC",2020 W25,50,3247509,1.5,42,27,56,8,23,-6,1.27,0.81,1.73,0.23,0.69,-0.23
"USA-NC",2020 W26,54,3248083,1.7,35,20,50,19,34,4,1.07,0.61,1.53,0.63,1.09,0.17
"USA-NC",2020 W27,36,3248656,1.1,43,28,57,-7,8,-21,1.31,0.85,1.76,-0.21,0.25,-0.66
"USA-NC",2020 W28,57,3249230,1.8,42,27,57,15,30,0,1.31,0.85,1.76,0.49,0.95,0.04
"USA-NC",2020 W29,70,3249804,2.2,36,21,50,34,49,20,1.07,0.61,1.53,1.13,1.59,0.67
"USA-NC",2020 W30,55,3250378,1.7,43,29,58,12,26,-3,1.31,0.85,1.76,0.39,0.85,-0.06
"USA-NC",2020 W31,44,3250951,1.4,33,18,47,11,26,-3,1.01,0.55,1.46,0.39,0.85,-0.06
"USA-NC",2020 W32,34,3251525,1,49,34,63,-15,0,-29,1.51,1.05,1.96,-0.51,-0.05,-0.96
"USA-NC",2020 W33,42,3252099,1.3,43,28,57,-1,14,-15,1.31,0.85,1.76,-0.01,0.45,-0.46
"USA-NC",2020 W34,54,3252672,1.7,43,29,58,11,25,-4,1.34,0.88,1.8,0.36,0.82,-0.1
"USA-NC",2020 W35,36,3253246,1.1,38,24,53,-2,12,-17,1.17,0.71,1.63,-0.07,0.39,-0.53
"USA-NC",2020 W36,60,3253820,1.8,44,29,58,16,31,2,1.34,0.88,1.8,0.46,0.92,0
"USA-NC",2020 W37,42,3254393,1.3,32,18,47,10,24,-5,0.97,0.51,1.43,0.33,0.79,-0.13
"USA-NC",2020 W38,43,3254967,1.3,40,26,55,3,17,-12,1.24,0.78,1.7,0.06,0.52,-0.4
"USA-NC",2020 W39,48,3255541,1.5,44,30,59,4,18,-11,1.34,0.88,1.8,0.16,0.62,-0.3
"USA-NC",2020 W40,46,3256114,1.4,38,23,52,8,23,-6,1.17,0.71,1.63,0.23,0.69,-0.23
"USA-NC",2020 W41,50,3256688,1.5,35,21,50,15,29,0,1.07,0.61,1.53,0.43,0.89,-0.03
"USA-NC",2020 W42,57,3257262,1.7,44,29,59,13,28,-2,1.34,0.88,1.8,0.36,0.82,-0.1
"USA-NC",2020 W43,45,3257835,1.4,40,25,54,5,20,-9,1.24,0.78,1.7,0.16,0.62,-0.3
"USA-NC",2020 W44,47,3258409,1.4,39,25,54,8,22,-7,1.21,0.75,1.66,0.19,0.65,-0.26
"USA-NC",2020 W45,40,3258983,1.2,42,27,57,-2,13,-17,1.31,0.85,1.76,-0.11,0.35,-0.56
"USA-NC",2020 W46,53,3259556,1.6,48,33,62,5,20,-9,1.47,1.01,1.93,0.13,0.59,-0.33
"USA-NC",2020 W47,52,3260130,1.6,43,29,58,9,23,-6,1.34,0.88,1.8,0.26,0.72,-0.2
"USA-NC",2020 W48,50,3260704,1.5,34,20,49,16,30,1,1.07,0.61,1.53,0.43,0.89,-0.03
"USA-NC",2020 W49,47,3261277,1.4,40,25,55,7,22,-8,1.24,0.78,1.7,0.16,0.62,-0.3
"USA-NC",2020 W50,43,3261851,1.3,40,25,55,3,18,-12,1.24,0.78,1.7,0.06,0.52,-0.4
"USA-NC",2020 W51,34,3262425,1,42,28,57,-8,6,-23,1.31,0.85,1.76,-0.31,0.15,-0.76
"USA-NC",2020 W52,51,3262998,1.6,44,29,58,7,22,-7,1.37,0.91,1.83,0.23,0.69,-0.23
"USA-NC",2020 W53,45,3263545,1.4,40,25,55,5,20,-10,1.21,0.74,1.68,0.19,0.66,-0.28
"USA-NC",2021 W01,52,3263766,1.6,38,23,53,14,29,-1,1.14,0.67,1.61,0.46,0.93,-0.01
"USA-NC",2021 W02,38,3263897,1.2,38,23,52,0,15,-14,1.17,0.71,1.64,0.03,0.49,-0.44
"USA-NC",2021 W03,52,3264028,1.6,37,22,52,15,30,0,1.14,0.67,1.61,0.46,0.93,-0.01
"USA-NC",2021 W04,45,3264159,1.4,35,20,49,10,25,-4,1.07,0.61,1.54,0.33,0.79,-0.14
"USA-NC",2021 W05,47,3264290,1.4,36,21,51,11,26,-4,1.11,0.64,1.58,0.29,0.76,-0.18
"USA-NC",2021 W06,50,3264421,1.5,43,28,58,7,22,-8,1.37,0.91,1.84,0.13,0.59,-0.34
"USA-NC",2021 W07,52,3264551,1.6,35,20,49,17,32,3,1.07,0.61,1.54,0.53,0.99,0.06
"USA-NC",2021 W08,42,3264682,1.3,34,19,49,8,23,-7,1.04,0.57,1.51,0.26,0.73,-0.21
"USA-NC",2021 W09,42,3264813,1.3,34,19,48,8,23,-6,1.04,0.57,1.51,0.26,0.73,-0.21
"USA-NC",2021 W10,35,3264944,1.1,39,24,54,-4,11,-19,1.17,0.71,1.64,-0.07,0.39,-0.54
"USA-NC",2021 W11,58,3265075,1.8,39,24,54,19,34,4,1.21,0.74,1.68,0.59,1.06,0.12
"USA-NC",2021 W12,43,3265206,1.3,37,22,52,6,21,-9,1.17,0.71,1.64,0.13,0.59,-0.34
"USA-NC",2021 W13,55,3265337,1.7,40,25,54,15,30,1,1.21,0.74,1.68,0.49,0.96,0.02
"USA-NC",2021 W14,50,3265468,1.5,35,20,49,15,30,1,1.07,0.61,1.54,0.43,0.89,-0.04
"USA-NC",2021 W15,46,3265598,1.4,48,33,62,-2,13,-16,1.44,0.97,1.91,-0.04,0.43,-0.51
"USA-NC",2021 W16,48,3265729,1.5,41,26,56,7,22,-8,1.24,0.77,1.71,0.26,0.73,-0.21
"USA-NC",2021 W17,52,3265860,1.6,50,35,65,2,17,-13,1.54,1.07,2.01,0.06,0.53,-0.41
"USA-NC",2021 W18,43,3265991,1.3,37,22,52,6,21,-9,1.17,0.71,1.64,0.13,0.59,-0.34
"USA-NC",2021 W19,45,3266122,1.4,40,25,55,5,20,-10,1.21,0.74,1.68,0.19,0.66,-0.28
"USA-NC",2021 W20,46,3266253,1.4,35,20,50,11,26,-4,1.11,0.64,1.58,0.29,0.76,-0.18
"USA-NC",2021 W21,60,3266384,1.8,50,35,65,10,25,-5,1.54,1.07,2.01,0.26,0.73,-0.21
"USA-NC",2021 W22,56,3266514,1.7,48,33,63,8,23,-7,1.47,1.01,1.94,0.23,0.69,-0.24
"USA-NC",2021 W23,50,3266645,1.5,45,30,59,5,20,-9,1.37,0.91,1.84,0.13,0.59,-0.34
"USA-NC",2021 W24,39,3266776,1.2,41,26,55,-2,13,-16,1.24,0.77,1.71,-0.04,0.43,-0.51
"USA-NC",2021 W25,53,3266907,1.6,34,19,49,19,34,4,1.04,0.57,1.51,0.56,1.03,0.09
"USA-NC",2021 W26,60,3267038,1.8,42,27,56,18,33,4,1.27,0.81,1.74,0.53,0.99,0.06
"USA-NC",2021 W27,51,3267169,1.6,41,26,56,10,25,-5,1.27,0.81,1.74,0.33,0.79,-0.14
"USA-NC",2021 W28,53,3267300,1.6,35,20,49,18,33,4,1.04,0.57,1.51,0.56,1.03,0.09
"USA-NC",2021 W29,50,3267431,1.5,42,27,57,8,23,-7,1.27,0.81,1.74,0.23,0.69,-0.24
"USA-NC",2021 W30,51,3267561,1.6,32,17,46,19,34,5,0.97,0.51,1.44,0.63,1.09,0.16
"USA-NC",2021 W31,43,3267692,1.3,48,33,62,-5,10,-19,1.47,1.01,1.94,-0.17,0.29,-0.64
"USA-NC",2021 W32,41,3267823,1.3,42,27,56,-1,14,-15,1.27,0.81,1.74,0.03,0.49,-0.44
"USA-NC",2021 W33,60,3267954,1.8,42,27,57,18,33,3,1.31,0.84,1.78,0.49,0.96,0.02
"USA-NC",2021 W34,49,3268085,1.5,37,22,52,12,27,-3,1.14,0.67,1.61,0.36,0.83,-0.11
"USA-NC",2021 W35,39,3268216,1.2,43,28,57,-4,11,-18,1.31,0.84,1.78,-0.11,0.36,-0.58
"USA-NC",2021 W36,50,3268347,1.5,31,16,46,19,34,4,0.94,0.47,1.41,0.56,1.03,0.09
"USA-NC",2021 W37,50,3268478,1.5,39,24,54,11,26,-4,1.21,0.74,1.68,0.29,0.76,-0.18
"USA-NC",2021 W38,70,3268608,2.1,43,28,58,27,42,12,1.31,0.84,1.78,0.79,1.26,0.32
"USA-NC",2021 W39,58,3268739,1.8,37,22,51,21,36,7,1.14,0.67,1.61,0.66,1.13,0.19
"USA-NC",2021 W40,45,3268870,1.4,34,19,49,11,26,-4,1.04,0.57,1.51,0.36,0.83,-0.11
"USA-NC",2021 W41,37,3269001,1.1,43,28,58,-6,9,-21,1.31,0.84,1.78,-0.21,0.26,-0.68
"USA-NC",2021 W42,76,3269132,2.3,39,24,53,37,52,23,1.21,0.74,1.68,1.09,1.56,0.62
"USA-NC",2021 W43,54,3269263,1.7,38,23,53,16,31,1,1.17,0.71,1.64,0.53,0.99,0.06
"USA-NC",2021 W44,43,3269394,1.3,41,26,56,2,17,-13,1.27,0.81,1.74,0.03,0.49,-0.44
"USA-NC",2021 W45,49,3269525,1.5,47,32,61,2,17,-12,1.44,0.97,1.91,0.06,0.53,-0.41
"USA-NC",2021 W46,51,3269655,1.6,42,27,57,9,24,-6,1.31,0.84,1.78,0.29,0.76,-0.18
"USA-NC",2021 W47,34,3269786,1,33,18,48,1,16,-14,1.04,0.57,1.51,-0.04,0.43,-0.51
"USA-NC",2021 W48,47,3269917,1.4,39,24,54,8,23,-7,1.21,0.74,1.68,0.19,0.66,-0.28
"USA-NC",2021 W49,46,3270048,1.4,39,24,54,7,22,-8,1.21,0.74,1.68,0.19,0.66,-0.28
"USA-NC",2021 W50,49,3270179,1.5,41,26,56,8,23,-7,1.27,0.81,1.74,0.23,0.69,-0.24
"USA-NC",2021 W51,57,3270310,1.7,43,28,57,14,29,0,1.34,0.87,1.81,0.36,0.83,-0.11
"USA-NC",2021 W52,53,3270441,1.6,39,24,54,14,29,-1,1.18,0.7,1.66,0.42,0.9,-0.06
"USA-NC",2022 W01,53,3270572,1.6,37,22,52,16,31,1,1.11,0.63,1.59,0.49,0.97,0.01
"USA-NC",2022 W02,57,3270702,1.7,37,21,52,20,36,5,1.14,0.67,1.62,0.56,1.03,0.08
"USA-NC",2022 W03,35,3270833,1.1,36,21,51,-1,14,-16,1.11,0.63,1.59,-0.01,0.47,-0.49
"USA-NC",2022 W04,53,3270964,1.6,34,18,49,19,35,4,1.04,0.57,1.52,0.56,1.03,0.08
"USA-NC",2022 W05,42,3271095,1.3,35,20,50,7,22,-8,1.08,0.6,1.56,0.22,0.7,-0.26
"USA-NC",2022 W06,45,3271226,1.4,42,27,57,3,18,-12,1.34,0.87,1.82,0.06,0.53,-0.42
"USA-NC",2022 W07,57,3271357,1.7,34,18,49,23,39,8,1.04,0.57,1.52,0.66,1.13,0.18
"USA-NC",2022 W08,53,3271488,1.6,33,18,48,20,35,5,1.01,0.53,1.49,0.59,1.07,0.11
"USA-NC",2022 W09,37,3271619,1.1,33,17,48,4,20,-11,1.01,0.53,1.49,0.09,0.57,-0.39
"USA-NC",2022 W10,51,3271750,1.6,38,23,53,13,28,-2,1.14,0.67,1.62,0.46,0.93,-0.02
"USA-NC",2022 W11,46,3271881,1.4,38,23,53,8,23,-7,1.18,0.7,1.66,0.22,0.7,-0.26
"USA-NC",2022 W12,45,3272012,1.4,36,21,51,9,24,-6,1.14,0.67,1.62,0.26,0.73,-0.22
"USA-NC",2022 W13,54,3272143,1.7,39,23,54,15,31,0,1.18,0.7,1.66,0.52,1,0.04
"USA-NC",2022 W14,39,3272274,1.2,34,18,49,5,21,-10,1.04,0.57,1.52,0.16,0.63,-0.32
"USA-NC",2022 W15,63,3272405,1.9,47,31,62,16,32,1,1.41,0.93,1.89,0.49,0.97,0.01
"USA-NC",2022 W16,50,3272535,1.5,40,25,55,10,25,-5,1.21,0.73,1.69,0.29,0.77,-0.19
"USA-NC",2022 W17,46,3272666,1.4,49,34,64,-3,12,-18,1.51,1.03,1.99,-0.11,0.37,-0.59
"USA-NC",2022 W18,66,3272797,2,36,21,51,30,45,15,1.14,0.67,1.62,0.86,1.33,0.38
"USA-NC",2022 W19,45,3272928,1.4,39,24,54,6,21,-9,1.18,0.7,1.66,0.22,0.7,-0.26
"USA-NC",2022 W20,49,3273059,1.5,34,19,49,15,30,0,1.08,0.6,1.56,0.42,0.9,-0.06
"USA-NC",2022 W21,51,3273190,1.6,49,34,64,2,17,-13,1.51,1.03,1.99,0.09,0.57,-0.39
"USA-NC",2022 W22,68,3273321,2.1,47,32,62,21,36,6,1.44,0.97,1.92,0.66,1.13,0.18
"USA-NC",2022 W23,43,3273452,1.3,44,28,59,-1,15,-16,1.34,0.87,1.82,-0.04,0.43,-0.52
"USA-NC",2022 W24,51,3273583,1.6,40,24,55,11,27,-4,1.21,0.73,1.69,0.39,0.87,-0.09
"USA-NC",2022 W25,52,3273714,1.6,33,18,48,19,34,4,1.01,0.53,1.49,0.59,1.07,0.11
"USA-NC",2022 W26,51,3273845,1.6,41,25,56,10,26,-5,1.24,0.77,1.72,0.36,0.83,-0.12
"USA-NC",2022 W27,54,3273976,1.6,40,25,55,14,29,-1,1.24,0.77,1.72,0.36,0.83,-0.12
"USA-NC",2022 W28,47,3274107,1.4,34,18,49,13,29,-2,1.01,0.53,1.49,0.39,0.87,-0.09
"USA-NC",2022 W29,47,3274238,1.4,41,26,56,6,21,-9,1.24,0.77,1.72,0.16,0.63,-0.32
"USA-NC",2022 W30,54,3274368,1.6,31,15,46,23,39,8,0.94,0.47,1.42,0.66,1.13,0.18
"USA-NC",2022 W31,50,3274499,1.5,47,31,62,3,19,-12,1.44,0.97,1.92,0.06,0.53,-0.42
"USA-NC",2022 W32,52,3274630,1.6,41,25,56,11,27,-4,1.24,0.77,1.72,0.36,0.83,-0.12
"USA-NC",2022 W33,50,3274761,1.5,41,26,56,9,24,-6,1.28,0.8,1.76,0.22,0.7,-0.26
"USA-NC",2022 W34,54,3274892,1.6,36,21,51,18,33,3,1.11,0.63,1.59,0.49,0.97,0.01
"USA-NC",2022 W35,40,3275023,1.2,42,26,57,-2,14,-17,1.28,0.8,1.76,-0.08,0.4,-0.56
"USA-NC",2022 W36,56,3275154,1.7,30,15,45,26,41,11,0.91,0.43,1.39,0.79,1.27,0.31
"USA-NC",2022 W37,52,3275285,1.6,38,23,53,14,29,-1,1.18,0.7,1.66,0.42,0.9,-0.06
"USA-NC",2022 W38,52,3275416,1.6,42,27,57,10,25,-5,1.28,0.8,1.76,0.32,0.8,-0.16
"USA-NC",2022 W39,53,3275547,1.6,36,20,51,17,33,2,1.11,0.63,1.59,0.49,0.97,0.01
"USA-NC",2022 W40,44,3275678,1.3,33,18,48,11,26,-4,1.01,0.53,1.49,0.29,0.77,-0.19
"USA-NC",2022 W41,57,3275809,1.7,42,27,57,15,30,0,1.28,0.8,1.76,0.42,0.9,-0.06
"USA-NC",2022 W42,47,3275940,1.4,38,22,53,9,25,-6,1.18,0.7,1.66,0.22,0.7,-0.26
"USA-NC",2022 W43,67,3276071,2,37,22,52,30,45,15,1.14,0.67,1.62,0.86,1.33,0.38
"USA-NC",2022 W44,52,3276201,1.6,40,25,55,12,27,-3,1.24,0.77,1.72,0.36,0.83,-0.12
"USA-NC",2022 W45,55,3276332,1.7,46,30,61,9,25,-6,1.41,0.93,1.89,0.29,0.77,-0.19
"USA-NC",2022 W46,39,3276463,1.2,41,26,56,-2,13,-17,1.28,0.8,1.76,-0.08,0.4,-0.56
"USA-NC",2022 W47,53,3276594,1.6,32,17,47,21,36,6,1.01,0.53,1.49,0.59,1.07,0.11
"USA-NC",2022 W48,45,3276725,1.4,38,23,53,7,22,-8,1.18,0.7,1.66,0.22,0.7,-0.26
"USA-NC",2022 W49,38,3276856,1.2,38,23,53,0,15,-15,1.18,0.7,1.66,0.02,0.5,-0.46
"USA-NC",2022 W50,47,3276987,1.4,40,25,55,7,22,-8,1.24,0.77,1.72,0.16,0.63,-0.32
"USA-NC",2022 W51,48,3277118,1.5,42,26,57,6,22,-9,1.31,0.83,1.79,0.19,0.67,-0.29
"USA-NC",2022 W52,44,3277249,1.3,38,22,53,6,22,-9,1.15,0.65,1.64,0.15,0.65,-0.34
"USA-NC",2023 W01,54,3277380,1.6,36,20,51,18,34,3,1.08,0.59,1.57,0.52,1.01,0.03
"USA-NC",2023 W02,52,3277511,1.6,35,20,51,17,32,1,1.11,0.62,1.61,0.49,0.98,-0.01
"USA-NC",2023 W03,44,3277642,1.3,35,19,51,9,25,-7,1.08,0.59,1.57,0.22,0.71,-0.27
"USA-NC",2023 W04,44,3277773,1.3,32,17,48,12,27,-4,1.01,0.52,1.51,0.29,0.78,-0.21
"USA-NC",2023 W05,43,3277904,1.3,34,18,49,9,25,-6,1.05,0.55,1.54,0.25,0.75,-0.24
"USA-NC",2023 W06,53,3278034,1.6,41,25,57,12,28,-4,1.31,0.82,1.81,0.29,0.78,-0.21
"USA-NC",2023 W07,50,3278165,1.5,32,17,48,18,33,2,1.01,0.52,1.51,0.49,0.98,-0.01
"USA-NC",2023 W08,47,3278296,1.4,32,16,48,15,31,-1,0.98,0.49,1.47,0.42,0.91,-0.07
"USA-NC",2023 W09,38,3278427,1.2,31,16,47,7,22,-9,0.98,0.49,1.47,0.22,0.71,-0.27
"USA-NC",2023 W10,46,3278558,1.4,37,21,53,9,25,-7,1.11,0.62,1.61,0.29,0.78,-0.21
"USA-NC",2023 W11,46,3278689,1.4,37,21,53,9,25,-7,1.15,0.65,1.64,0.25,0.75,-0.24
"USA-NC",2023 W12,41,3278820,1.3,35,19,51,6,22,-10,1.11,0.62,1.61,0.19,0.68,-0.31
"USA-NC",2023 W13,46,3278951,1.4,37,22,53,9,24,-7,1.15,0.65,1.64,0.25,0.75,-0.24
"USA-NC",2023 W14,38,3279082,1.2,32,17,48,6,21,-10,1.01,0.52,1.51,0.19,0.68,-0.31
"USA-NC",2023 W15,62,3279213,1.9,45,30,61,17,32,1,1.38,0.89,1.87,0.52,1.01,0.03
"USA-NC",2023 W16,49,3279344,1.5,39,23,54,10,26,-5,1.18,0.69,1.67,0.32,0.81,-0.17
"USA-NC",2023 W17,49,3279475,1.5,48,32,64,1,17,-15,1.48,0.99,1.97,0.02,0.51,-0.47
"USA-NC",2023 W18,46,3279606,1.4,35,19,51,11,27,-5,1.11,0.62,1.61,0.29,0.78,-0.21
"USA-NC",2023 W19,52,3279737,1.6,38,22,54,14,30,-2,1.15,0.65,1.64,0.45,0.95,-0.04
"USA-NC",2023 W20,47,3279867,1.4,33,17,49,14,30,-2,1.05,0.55,1.54,0.35,0.85,-0.14
"USA-NC",2023 W21,43,3279998,1.3,48,32,63,-5,11,-20,1.48,0.99,1.97,-0.18,0.31,-0.67
"USA-NC",2023 W22,49,3280129,1.5,46,30,61,3,19,-12,1.41,0.92,1.91,0.09,0.58,-0.41
"USA-NC",2023 W23,57,3280260,1.7,42,27,58,15,30,-1,1.31,0.82,1.81,0.39,0.88,-0.11
"USA-NC",2023 W24,42,3280391,1.3,38,23,54,4,19,-12,1.18,0.69,1.67,0.12,0.61,-0.37
"USA-NC",2023 W25,35,3280522,1.1,32,16,47,3,19,-12,0.98,0.49,1.47,0.12,0.61,-0.37
"USA-NC",2023 W26,28,3280653,0.9,39,24,55,-11,4,-27,1.21,0.72,1.71,-0.31,0.18,-0.81
"USA-NC",2023 W27,21,3280784,0.6,39,23,54,-18,-2,-33,1.21,0.72,1.71,-0.61,-0.12,-1.11
"USA-NC",2023 W28,13,3280915,0.4,32,17,48,-19,-4,-35,0.98,0.49,1.47,-0.58,-0.09,-1.07
"USA-NY",2017 W01,55,5930590,0.9,56,39,73,-1,16,-18,0.96,0.66,1.26,-0.06,0.24,-0.36
"USA-NY",2017 W02,49,5929229,0.8,53,36,70,-4,13,-21,0.89,0.59,1.19,-0.09,0.21,-0.39
"USA-NY",2017 W03,42,5927869,0.7,47,30,64,-5,12,-22,0.82,0.52,1.13,-0.12,0.18,-0.43
"USA-NY",2017 W04,59,5926508,1,56,39,73,3,20,-14,0.96,0.66,1.26,0.04,0.34,-0.26
"USA-NY",2017 W05,42,5925147,0.7,46,29,63,-4,13,-21,0.79,0.49,1.09,-0.09,0.21,-0.39
"USA-NY",2017 W06,55,5923786,0.9,50,34,67,5,21,-12,0.82,0.52,1.13,0.08,0.38,-0.23
"USA-NY",2017 W07,47,5922425,0.8,51,34,68,-4,13,-21,0.89,0.59,1.19,-0.09,0.21,-0.39
"USA-NY",2017 W08,50,5921064,0.8,47,31,64,3,19,-14,0.79,0.49,1.09,0.01,0.31,-0.29
"USA-NY",2017 W09,44,5919703,0.7,51,34,68,-7,10,-24,0.86,0.56,1.16,-0.16,0.14,-0.46
"USA-NY",2017 W10,48,5918342,0.8,50,33,67,-2,15,-19,0.86,0.56,1.16,-0.06,0.24,-0.36
"USA-NY",2017 W11,49,5916981,0.8,51,35,68,-2,14,-19,0.86,0.56,1.16,-0.06,0.24,-0.36
"USA-NY",2017 W12,58,5915620,1,51,34,68,7,24,-10,0.86,0.56,1.16,0.14,0.44,-0.16
"USA-NY",2017 W13,42,5914259,0.7,48,31,65,-6,11,-23,0.79,0.49,1.09,-0.09,0.21,-0.39
"USA-NY",2017 W14,48,5912898,0.8,41,25,58,7,23,-10,0.69,0.39,0.99,0.11,0.41,-0.19
"USA-NY",2017 W15,54,5911538,0.9,51,34,68,3,20,-14,0.86,0.56,1.16,0.04,0.34,-0.26
"USA-NY",2017 W16,52,5910177,0.9,54,38,71,-2,14,-19,0.92,0.62,1.23,-0.02,0.28,-0.33
"USA-NY",2017 W17,67,5908816,1.1,55,38,72,12,29,-5,0.89,0.59,1.19,0.21,0.51,-0.09
"USA-NY",2017 W18,55,5907455,0.9,46,30,63,9,25,-8,0.79,0.49,1.09,0.11,0.41,-0.19
"USA-NY",2017 W19,52,5906094,0.9,48,31,65,4,21,-13,0.82,0.52,1.13,0.08,0.38,-0.23
"USA-NY",2017 W20,53,5904733,0.9,52,36,69,1,17,-16,0.89,0.59,1.19,0.01,0.31,-0.29
"USA-NY",2017 W21,50,5903372,0.8,55,38,72,-5,12,-22,0.92,0.62,1.23,-0.12,0.18,-0.43
"USA-NY",2017 W22,52,5902011,0.9,52,35,69,0,17,-17,0.89,0.59,1.19,0.01,0.31,-0.29
"USA-NY",2017 W23,49,5900650,0.8,54,38,71,-5,11,-22,0.92,0.62,1.23,-0.12,0.18,-0.43
"USA-NY",2017 W24,56,5899289,0.9,54,37,71,2,19,-15,0.89,0.59,1.19,0.01,0.31,-0.29
"USA-NY",2017 W25,55,5897928,0.9,60,43,77,-5,12,-22,1.02,0.72,1.33,-0.12,0.18,-0.43
"USA-NY",2017 W26,40,5896567,0.7,50,34,67,-10,6,-27,0.86,0.56,1.16,-0.16,0.14,-0.46
"USA-NY",2017 W27,48,5895207,0.8,51,35,68,-3,13,-20,0.86,0.56,1.16,-0.06,0.24,-0.36
"USA-NY",2017 W28,64,5893846,1.1,63,46,80,1,18,-16,1.09,0.79,1.39,0.01,0.31,-0.29
"USA-NY",2017 W29,39,5892485,0.7,55,38,72,-16,1,-33,0.92,0.62,1.23,-0.22,0.08,-0.53
"USA-NY",2017 W30,54,5891124,0.9,59,43,76,-5,11,-22,0.99,0.69,1.29,-0.09,0.21,-0.39
"USA-NY",2017 W31,49,5889763,0.8,46,29,63,3,20,-14,0.76,0.46,1.06,0.04,0.34,-0.26
"USA-NY",2017 W32,41,5888402,0.7,42,26,59,-1,15,-18,0.72,0.42,1.03,-0.02,0.28,-0.33
"USA-NY",2017 W33,58,5887041,1,49,33,66,9,25,-8,0.86,0.56,1.16,0.14,0.44,-0.16
"USA-NY",2017 W34,51,5885680,0.9,46,30,63,5,21,-12,0.79,0.49,1.09,0.11,0.41,-0.19
"USA-NY",2017 W35,44,5884319,0.7,54,37,71,-10,7,-27,0.89,0.59,1.19,-0.19,0.11,-0.49
"USA-NY",2017 W36,52,5882958,0.9,49,32,66,3,20,-14,0.82,0.52,1.13,0.08,0.38,-0.23
"USA-NY",2017 W37,57,5881597,1,52,36,69,5,21,-12,0.89,0.59,1.19,0.11,0.41,-0.19
"USA-NY",2017 W38,51,5880236,0.9,53,37,70,-2,14,-19,0.89,0.59,1.19,0.01,0.31,-0.29
"USA-NY",2017 W39,55,5878876,0.9,50,34,67,5,21,-12,0.86,0.56,1.16,0.04,0.34,-0.26
"USA-NY",2017 W40,66,5877515,1.1,68,51,85,-2,15,-19,1.16,0.86,1.46,-0.06,0.24,-0.36
"USA-NY",2017 W41,51,5876154,0.9,54,38,71,-3,13,-20,0.92,0.62,1.23,-0.02,0.28,-0.33
"USA-NY",2017 W42,51,5874793,0.9,50,33,67,1,18,-16,0.86,0.56,1.16,0.04,0.34,-0.26
"USA-NY",2017 W43,53,5873432,0.9,47,31,64,6,22,-11,0.82,0.52,1.13,0.08,0.38,-0.23
"USA-NY",2017 W44,58,5872071,1,50,33,67,8,25,-9,0.86,0.56,1.16,0.14,0.44,-0.16
"USA-NY",2017 W45,49,5870710,0.8,53,37,70,-4,12,-21,0.89,0.59,1.19,-0.09,0.21,-0.39
"USA-NY",2017 W46,57,5869349,1,48,31,65,9,26,-8,0.82,0.52,1.13,0.18,0.48,-0.13
"USA-NY",2017 W47,50,5867988,0.9,47,31,64,3,19,-14,0.82,0.52,1.13,0.08,0.38,-0.23
"USA-NY",2017 W48,53,5866627,0.9,40,23,57,13,30,-4,0.66,0.36,0.96,0.24,0.54,-0.06
"USA-NY",2017 W49,42,5865266,0.7,42,26,59,0,16,-17,0.69,0.39,0.99,0.01,0.31,-0.29
"USA-NY",2017 W50,55,5863905,0.9,55,38,72,0,17,-17,0.92,0.62,1.23,-0.02,0.28,-0.33
"USA-NY",2017 W51,69,5862545,1.2,61,44,78,8,25,-9,1.02,0.72,1.33,0.18,0.48,-0.13
"USA-NY",2017 W52,61,5861184,1,49,33,66,12,28,-5,0.82,0.52,1.13,0.18,0.48,-0.13
"USA-NY",2018 W01,57,5859758,1,54,37,71,3,20,-14,0.93,0.63,1.23,0.07,0.37,-0.23
"USA-NY",2018 W02,52,5858245,0.9,51,35,68,1,17,-16,0.87,0.57,1.17,0.03,0.33,-0.27
"USA-NY",2018 W03,50,5856732,0.9,45,29,62,5,21,-12,0.8,0.5,1.1,0.1,0.4,-0.2
"USA-NY",2018 W04,52,5855219,0.9,54,38,71,-2,14,-19,0.93,0.63,1.23,-0.03,0.27,-0.33
"USA-NY",2018 W05,44,5853706,0.8,44,27,61,0,17,-17,0.77,0.47,1.07,0.03,0.33,-0.27
"USA-NY",2018 W06,38,5852193,0.6,49,32,65,-11,6,-27,0.8,0.5,1.1,-0.2,0.1,-0.5
"USA-NY",2018 W07,45,5850680,0.8,49,33,66,-4,12,-21,0.87,0.57,1.17,-0.07,0.23,-0.37
"USA-NY",2018 W08,41,5849168,0.7,46,29,62,-5,12,-21,0.77,0.47,1.07,-0.07,0.23,-0.37
"USA-NY",2018 W09,58,5847655,1,49,32,66,9,26,-8,0.83,0.53,1.13,0.17,0.47,-0.13
"USA-NY",2018 W10,52,5846142,0.9,48,31,65,4,21,-13,0.83,0.53,1.13,0.07,0.37,-0.23
"USA-NY",2018 W11,52,5844629,0.9,50,33,66,2,19,-14,0.83,0.53,1.13,0.07,0.37,-0.23
"USA-NY",2018 W12,42,5843116,0.7,49,32,66,-7,10,-24,0.83,0.53,1.13,-0.13,0.17,-0.43
"USA-NY",2018 W13,43,5841603,0.7,46,29,63,-3,14,-20,0.77,0.47,1.07,-0.07,0.23,-0.37
"USA-NY",2018 W14,37,5840090,0.6,40,23,56,-3,14,-19,0.67,0.37,0.97,-0.07,0.23,-0.37
"USA-NY",2018 W15,42,5838578,0.7,49,33,66,-7,9,-24,0.83,0.53,1.13,-0.13,0.17,-0.43
"USA-NY",2018 W16,59,5837065,1,53,36,69,6,23,-10,0.9,0.6,1.2,0.1,0.4,-0.2
"USA-NY",2018 W17,43,5835552,0.7,53,36,70,-10,7,-27,0.87,0.57,1.17,-0.17,0.13,-0.47
"USA-NY",2018 W18,35,5834039,0.6,45,28,61,-10,7,-26,0.77,0.47,1.07,-0.17,0.13,-0.47
"USA-NY",2018 W19,40,5832526,0.7,46,30,63,-6,10,-23,0.8,0.5,1.1,-0.1,0.2,-0.4
"USA-NY",2018 W20,44,5831013,0.8,51,34,67,-7,10,-23,0.87,0.57,1.17,-0.07,0.23,-0.37
"USA-NY",2018 W21,63,5829500,1.1,53,36,70,10,27,-7,0.9,0.6,1.2,0.2,0.5,-0.1
"USA-NY",2018 W22,52,5827988,0.9,50,33,67,2,19,-15,0.87,0.57,1.17,0.03,0.33,-0.27
"USA-NY",2018 W23,62,5826475,1.1,53,36,69,9,26,-7,0.9,0.6,1.2,0.2,0.5,-0.1
"USA-NY",2018 W24,53,5824962,0.9,52,36,69,1,17,-16,0.87,0.57,1.17,0.03,0.33,-0.27
"USA-NY",2018 W25,74,5823449,1.3,58,42,75,16,32,-1,1,0.7,1.3,0.3,0.6,0
"USA-NY",2018 W26,45,5821936,0.8,49,32,65,-4,13,-20,0.83,0.53,1.13,-0.03,0.27,-0.33
"USA-NY",2018 W27,49,5820423,0.8,50,33,66,-1,16,-17,0.83,0.53,1.13,-0.03,0.27,-0.33
"USA-NY",2018 W28,62,5818910,1.1,61,45,78,1,17,-16,1.07,0.77,1.37,0.03,0.33,-0.27
"USA-NY",2018 W29,64,5817397,1.1,53,36,70,11,28,-6,0.9,0.6,1.2,0.2,0.5,-0.1
"USA-NY",2018 W30,55,5815885,0.9,58,41,74,-3,14,-19,0.97,0.67,1.27,-0.07,0.23,-0.37
"USA-NY",2018 W31,37,5814372,0.6,44,27,61,-7,10,-24,0.73,0.43,1.03,-0.13,0.17,-0.43
"USA-NY",2018 W32,38,5812859,0.7,41,24,57,-3,14,-19,0.7,0.4,1,0,0.3,-0.3
"USA-NY",2018 W33,39,5811346,0.7,48,31,64,-9,8,-25,0.83,0.53,1.13,-0.13,0.17,-0.43
"USA-NY",2018 W34,43,5809833,0.7,45,28,61,-2,15,-18,0.77,0.47,1.07,-0.07,0.23,-0.37
"USA-NY",2018 W35,64,5808320,1.1,52,36,69,12,28,-5,0.87,0.57,1.17,0.23,0.53,-0.07
"USA-NY",2018 W36,40,5806807,0.7,47,30,64,-7,10,-24,0.8,0.5,1.1,-0.1,0.2,-0.4
"USA-NY",2018 W37,48,5805295,0.8,51,34,67,-3,14,-19,0.87,0.57,1.17,-0.07,0.23,-0.37
"USA-NY",2018 W38,54,5803782,0.9,52,35,68,2,19,-14,0.87,0.57,1.17,0.03,0.33,-0.27
"USA-NY",2018 W39,56,5802269,1,49,32,65,7,24,-9,0.83,0.53,1.13,0.17,0.47,-0.13
"USA-NY",2018 W40,67,5800756,1.2,66,49,83,1,18,-16,1.13,0.83,1.43,0.07,0.37,-0.23
"USA-NY",2018 W41,59,5799243,1,53,36,69,6,23,-10,0.9,0.6,1.2,0.1,0.4,-0.2
"USA-NY",2018 W42,42,5797730,0.7,48,31,65,-6,11,-23,0.83,0.53,1.13,-0.13,0.17,-0.43
"USA-NY",2018 W43,38,5796217,0.7,46,29,62,-8,9,-24,0.8,0.5,1.1,-0.1,0.2,-0.4
"USA-NY",2018 W44,48,5794705,0.8,48,32,65,0,16,-17,0.83,0.53,1.13,-0.03,0.27,-0.33
"USA-NY",2018 W45,52,5793192,0.9,52,35,68,0,17,-16,0.87,0.57,1.17,0.03,0.33,-0.27
"USA-NY",2018 W46,40,5791679,0.7,46,29,63,-6,11,-23,0.8,0.5,1.1,-0.1,0.2,-0.4
"USA-NY",2018 W47,36,5790166,0.6,46,29,62,-10,7,-26,0.8,0.5,1.1,-0.2,0.1,-0.5
"USA-NY",2018 W48,25,5788653,0.4,38,21,55,-13,4,-30,0.63,0.33,0.93,-0.23,0.07,-0.53
"USA-NY",2018 W49,42,5787140,0.7,41,24,57,1,18,-15,0.67,0.37,0.97,0.03,0.33,-0.27
"USA-NY",2018 W50,58,5785627,1,53,37,70,5,21,-12,0.9,0.6,1.2,0.1,0.4,-0.2
"USA-NY",2018 W51,42,5784114,0.7,59,42,76,-17,0,-34,1,0.7,1.3,-0.3,0,-0.6
"USA-NY",2018 W52,42,5782602,0.7,48,31,64,-6,11,-22,0.8,0.5,1.1,-0.1,0.2,-0.4
"USA-NY",2019 W01,50,5782810,0.9,52,35,69,-2,15,-19,0.91,0.61,1.21,-0.01,0.29,-0.31
"USA-NY",2019 W02,53,5786806,0.9,50,33,66,3,20,-13,0.84,0.54,1.14,0.06,0.36,-0.24
"USA-NY",2019 W03,44,5790917,0.8,44,27,60,0,17,-16,0.78,0.47,1.08,0.02,0.33,-0.28
"USA-NY",2019 W04,52,5795028,0.9,53,36,69,-1,16,-17,0.91,0.61,1.21,-0.01,0.29,-0.31
"USA-NY",2019 W05,46,5799139,0.8,42,25,59,4,21,-13,0.74,0.44,1.04,0.06,0.36,-0.24
"USA-NY",2019 W06,53,5803250,0.9,47,30,64,6,23,-11,0.78,0.47,1.08,0.12,0.43,-0.18
"USA-NY",2019 W07,56,5807361,1,48,31,64,8,25,-8,0.84,0.54,1.14,0.16,0.46,-0.14
"USA-NY",2019 W08,46,5811471,0.8,44,27,61,2,19,-15,0.74,0.44,1.04,0.06,0.36,-0.24
"USA-NY",2019 W09,45,5815582,0.8,47,30,64,-2,15,-19,0.81,0.51,1.11,-0.01,0.29,-0.31
"USA-NY",2019 W10,44,5819693,0.8,46,29,63,-2,15,-19,0.81,0.51,1.11,-0.01,0.29,-0.31
"USA-NY",2019 W11,48,5823804,0.8,48,31,65,0,17,-17,0.81,0.51,1.11,-0.01,0.29,-0.31
"USA-NY",2019 W12,47,5827915,0.8,47,30,64,0,17,-17,0.81,0.51,1.11,-0.01,0.29,-0.31
"USA-NY",2019 W13,53,5832026,0.9,44,27,61,9,26,-8,0.74,0.44,1.04,0.16,0.46,-0.14
"USA-NY",2019 W14,34,5836136,0.6,38,21,55,-4,13,-21,0.64,0.34,0.94,-0.04,0.26,-0.34
"USA-NY",2019 W15,52,5840247,0.9,48,31,64,4,21,-12,0.81,0.51,1.11,0.09,0.39,-0.21
"USA-NY",2019 W16,47,5844358,0.8,51,34,68,-4,13,-21,0.88,0.57,1.18,-0.08,0.23,-0.38
"USA-NY",2019 W17,49,5848469,0.8,51,34,68,-2,15,-19,0.84,0.54,1.14,-0.04,0.26,-0.34
"USA-NY",2019 W18,44,5852580,0.8,43,26,60,1,18,-16,0.74,0.44,1.04,0.06,0.36,-0.24
"USA-NY",2019 W19,47,5856691,0.8,45,28,61,2,19,-14,0.78,0.47,1.08,0.02,0.33,-0.28
"USA-NY",2019 W20,55,5860802,0.9,49,32,66,6,23,-11,0.84,0.54,1.14,0.06,0.36,-0.24
"USA-NY",2019 W21,46,5864912,0.8,51,34,68,-5,12,-22,0.88,0.57,1.18,-0.08,0.23,-0.38
"USA-NY",2019 W22,46,5869023,0.8,48,31,65,-2,15,-19,0.84,0.54,1.14,-0.04,0.26,-0.34
"USA-NY",2019 W23,47,5873134,0.8,51,34,68,-4,13,-21,0.88,0.57,1.18,-0.08,0.23,-0.38
"USA-NY",2019 W24,48,5877245,0.8,51,34,67,-3,14,-19,0.84,0.54,1.14,-0.04,0.26,-0.34
"USA-NY",2019 W25,46,5881356,0.8,57,40,73,-11,6,-27,0.98,0.67,1.28,-0.18,0.13,-0.48
"USA-NY",2019 W26,61,5885467,1,47,30,64,14,31,-3,0.81,0.51,1.11,0.19,0.49,-0.11
"USA-NY",2019 W27,52,5889577,0.9,48,31,65,4,21,-13,0.81,0.51,1.11,0.09,0.39,-0.21
"USA-NY",2019 W28,58,5893688,1,60,43,76,-2,15,-18,1.04,0.74,1.34,-0.04,0.26,-0.34
"USA-NY",2019 W29,56,5897799,0.9,51,34,68,5,22,-12,0.88,0.57,1.18,0.02,0.33,-0.28
"USA-NY",2019 W30,64,5901910,1.1,56,39,73,8,25,-9,0.94,0.64,1.24,0.16,0.46,-0.14
"USA-NY",2019 W31,46,5906021,0.8,42,25,59,4,21,-13,0.71,0.41,1.01,0.09,0.39,-0.21
"USA-NY",2019 W32,43,5910132,0.7,39,22,56,4,21,-13,0.68,0.37,0.98,0.02,0.33,-0.28
"USA-NY",2019 W33,46,5914242,0.8,46,29,63,0,17,-17,0.81,0.51,1.11,-0.01,0.29,-0.31
"USA-NY",2019 W34,40,5918353,0.7,43,26,60,-3,14,-20,0.74,0.44,1.04,-0.04,0.26,-0.34
"USA-NY",2019 W35,49,5922464,0.8,51,34,67,-2,15,-18,0.84,0.54,1.14,-0.04,0.26,-0.34
"USA-NY",2019 W36,49,5926575,0.8,45,28,62,4,21,-13,0.78,0.47,1.08,0.02,0.33,-0.28
"USA-NY",2019 W37,47,5930686,0.8,49,32,66,-2,15,-19,0.84,0.54,1.14,-0.04,0.26,-0.34
"USA-NY",2019 W38,50,5934797,0.8,50,33,67,0,17,-17,0.84,0.54,1.14,-0.04,0.26,-0.34
"USA-NY",2019 W39,35,5938907,0.6,47,30,64,-12,5,-29,0.81,0.51,1.11,-0.21,0.09,-0.51
"USA-NY",2019 W40,65,5943018,1.1,64,47,81,1,18,-16,1.11,0.81,1.41,-0.01,0.29,-0.31
"USA-NY",2019 W41,48,5947129,0.8,51,34,68,-3,14,-20,0.88,0.57,1.18,-0.08,0.23,-0.38
"USA-NY",2019 W42,51,5951240,0.9,46,29,63,5,22,-12,0.81,0.51,1.11,0.09,0.39,-0.21
"USA-NY",2019 W43,46,5955351,0.8,44,27,61,2,19,-15,0.78,0.47,1.08,0.02,0.33,-0.28
"USA-NY",2019 W44,39,5959462,0.7,47,30,63,-8,9,-24,0.81,0.51,1.11,-0.11,0.19,-0.41
"USA-NY",2019 W45,54,5963573,0.9,50,33,67,4,21,-13,0.84,0.54,1.14,0.06,0.36,-0.24
"USA-NY",2019 W46,41,5967683,0.7,44,27,61,-3,14,-20,0.78,0.47,1.08,-0.08,0.23,-0.38
"USA-NY",2019 W47,51,5971794,0.9,44,27,61,7,24,-10,0.78,0.47,1.08,0.12,0.43,-0.18
"USA-NY",2019 W48,36,5975905,0.6,36,19,53,0,17,-17,0.61,0.31,0.91,-0.01,0.29,-0.31
"USA-NY",2019 W49,38,5980016,0.6,39,22,56,-1,16,-18,0.64,0.34,0.94,-0.04,0.26,-0.34
"USA-NY",2019 W50,47,5984127,0.8,52,35,68,-5,12,-21,0.88,0.57,1.18,-0.08,0.23,-0.38
"USA-NY",2019 W51,66,5988238,1.1,57,40,74,9,26,-8,0.98,0.67,1.28,0.12,0.43,-0.18
"USA-NY",2019 W52,40,5992348,0.7,46,29,63,-6,11,-23,0.78,0.47,1.08,-0.08,0.23,-0.38
"USA-NY",2020 W01,49,5995194,0.8,50,33,67,-1,16,-18,0.89,0.58,1.19,-0.09,0.22,-0.39
"USA-NY",2020 W02,47,5993482,0.8,48,31,65,-1,16,-18,0.82,0.51,1.12,-0.02,0.29,-0.32
"USA-NY",2020 W03,49,5991391,0.8,42,25,59,7,24,-10,0.75,0.45,1.06,0.05,0.35,-0.26
"USA-NY",2020 W04,44,5989300,0.7,51,34,68,-7,10,-24,0.89,0.58,1.19,-0.19,0.12,-0.49
"USA-NY",2020 W05,51,5987209,0.9,40,23,57,11,28,-6,0.72,0.41,1.02,0.18,0.49,-0.12
"USA-NY",2020 W06,73,5985118,1.2,45,28,62,28,45,11,0.75,0.45,1.06,0.45,0.75,0.14
"USA-NY",2020 W07,50,5983026,0.8,46,29,63,4,21,-13,0.82,0.51,1.12,-0.02,0.29,-0.32
"USA-NY",2020 W08,43,5980935,0.7,42,25,59,1,18,-16,0.72,0.41,1.02,-0.02,0.29,-0.32
"USA-NY",2020 W09,48,5978844,0.8,45,28,62,3,20,-14,0.79,0.48,1.09,0.01,0.32,-0.29
"USA-NY",2020 W10,55,5976753,0.9,44,27,61,11,28,-6,0.79,0.48,1.09,0.11,0.42,-0.19
"USA-NY",2020 W11,41,5974662,0.7,46,29,63,-5,12,-22,0.79,0.48,1.09,-0.09,0.22,-0.39
"USA-NY",2020 W12,48,5972571,0.8,45,28,62,3,20,-14,0.79,0.48,1.09,0.01,0.32,-0.29
"USA-NY",2020 W13,50,5970480,0.8,42,25,59,8,25,-9,0.72,0.41,1.02,0.08,0.39,-0.22
"USA-NY",2020 W14,46,5968388,0.8,36,19,53,10,27,-7,0.62,0.31,0.92,0.18,0.49,-0.12
"USA-NY",2020 W15,59,5966297,1,46,29,63,13,30,-4,0.79,0.48,1.09,0.21,0.52,-0.09
"USA-NY",2020 W16,43,5964206,0.7,49,32,66,-6,11,-23,0.85,0.55,1.16,-0.15,0.15,-0.46
"USA-NY",2020 W17,55,5962115,0.9,49,32,66,6,23,-11,0.82,0.51,1.12,0.08,0.39,-0.22
"USA-NY",2020 W18,50,5960024,0.8,41,24,58,9,26,-8,0.72,0.41,1.02,0.08,0.39,-0.22
"USA-NY",2020 W19,46,5957933,0.8,43,26,60,3,20,-14,0.75,0.45,1.06,0.05,0.35,-0.26
"USA-NY",2020 W20,50,5955842,0.8,47,30,64,3,20,-14,0.82,0.51,1.12,-0.02,0.29,-0.32
"USA-NY",2020 W21,41,5953750,0.7,49,32,66,-8,9,-25,0.85,0.55,1.16,-0.15,0.15,-0.46
"USA-NY",2020 W22,45,5951659,0.8,46,29,63,-1,16,-18,0.82,0.51,1.12,-0.02,0.29,-0.32
"USA-NY",2020 W23,75,5949568,1.3,49,32,66,26,43,9,0.85,0.55,1.16,0.45,0.75,0.14
"USA-NY",2020 W24,63,5947477,1.1,49,32,66,14,31,-3,0.82,0.51,1.12,0.28,0.59,-0.02
"USA-NY",2020 W25,47,5945386,0.8,55,38,72,-8,9,-25,0.95,0.65,1.26,-0.15,0.15,-0.46
"USA-NY",2020 W26,61,5943295,1,45,28,62,16,33,-1,0.79,0.48,1.09,0.21,0.52,-0.09
"USA-NY",2020 W27,60,5941204,1,46,29,63,14,31,-3,0.79,0.48,1.09,0.21,0.52,-0.09
"USA-NY",2020 W28,59,5939112,1,58,41,75,1,18,-16,1.02,0.71,1.32,-0.02,0.29,-0.32
"USA-NY",2020 W29,58,5937021,1,49,32,66,9,26,-8,0.85,0.55,1.16,0.15,0.45,-0.16
"USA-NY",2020 W30,58,5934930,1,54,37,71,4,21,-13,0.92,0.61,1.22,0.08,0.39,-0.22
"USA-NY",2020 W31,56,5932839,0.9,40,23,57,16,33,-1,0.69,0.38,0.99,0.21,0.52,-0.09
"USA-NY",2020 W32,46,5930748,0.8,37,20,54,9,26,-8,0.65,0.35,0.96,0.15,0.45,-0.16
"USA-NY",2020 W33,47,5928657,0.8,44,27,61,3,20,-14,0.79,0.48,1.09,0.01,0.32,-0.29
"USA-NY",2020 W34,54,5926565,0.9,41,24,58,13,30,-4,0.72,0.41,1.02,0.18,0.49,-0.12
"USA-NY",2020 W35,56,5924474,0.9,49,32,66,7,24,-10,0.82,0.51,1.12,0.08,0.39,-0.22
"USA-NY",2020 W36,55,5922383,0.9,43,26,60,12,29,-5,0.75,0.45,1.06,0.15,0.45,-0.16
"USA-NY",2020 W37,48,5920292,0.8,47,30,64,1,18,-16,0.82,0.51,1.12,-0.02,0.29,-0.32
"USA-NY",2020 W38,54,5918201,0.9,48,31,65,6,23,-11,0.82,0.51,1.12,0.08,0.39,-0.22
"USA-NY",2020 W39,67,5916110,1.1,45,28,62,22,39,5,0.79,0.48,1.09,0.31,0.62,0.01
"USA-NY",2020 W40,54,5914019,0.9,62,45,79,-8,9,-25,1.09,0.78,1.39,-0.19,0.12,-0.49
"USA-NY",2020 W41,56,5911927,0.9,49,32,66,7,24,-10,0.85,0.55,1.16,0.05,0.35,-0.26
"USA-NY",2020 W42,45,5909836,0.8,44,27,61,1,18,-16,0.79,0.48,1.09,0.01,0.32,-0.29
"USA-NY",2020 W43,44,5907745,0.7,42,25,59,2,19,-15,0.75,0.45,1.06,-0.05,0.25,-0.36
"USA-NY",2020 W44,39,5905654,0.7,45,28,62,-6,11,-23,0.79,0.48,1.09,-0.09,0.22,-0.39
"USA-NY",2020 W45,47,5903563,0.8,48,31,65,-1,16,-18,0.82,0.51,1.12,-0.02,0.29,-0.32
"USA-NY",2020 W46,54,5901472,0.9,42,25,59,12,29,-5,0.75,0.45,1.06,0.15,0.45,-0.16
"USA-NY",2020 W47,38,5899381,0.6,42,25,59,-4,13,-21,0.75,0.45,1.06,-0.15,0.15,-0.46
"USA-NY",2020 W48,38,5897289,0.6,34,17,51,4,21,-13,0.59,0.28,0.89,0.01,0.32,-0.29
"USA-NY",2020 W49,44,5895198,0.7,37,20,54,7,24,-10,0.62,0.31,0.92,0.08,0.39,-0.22
"USA-NY",2020 W50,40,5893107,0.7,50,33,67,-10,7,-27,0.85,0.55,1.16,-0.15,0.15,-0.46
"USA-NY",2020 W51,49,5891016,0.8,55,38,72,-6,11,-23,0.95,0.65,1.26,-0.15,0.15,-0.46
"USA-NY",2020 W52,51,5888925,0.9,44,27,61,7,24,-10,0.75,0.45,1.06,0.15,0.45,-0.16
"USA-NY",2020 W53,48,5886949,0.8,49,31,66,-1,17,-18,0.86,0.55,1.17,-0.06,0.25,-0.37
"USA-NY",2021 W01,37,5886351,0.6,46,29,63,-9,8,-26,0.79,0.48,1.1,-0.19,0.12,-0.5
"USA-NY",2021 W02,53,5886136,0.9,40,23,57,13,30,-4,0.73,0.42,1.04,0.17,0.48,-0.14
"USA-NY",2021 W03,49,5885921,0.8,49,32,66,0,17,-17,0.86,0.55,1.17,-0.06,0.25,-0.37
"USA-NY",2021 W04,44,5885706,0.7,39,21,56,5,23,-12,0.69,0.38,1,0.01,0.32,-0.3
"USA-NY",2021 W05,43,5885491,0.7,43,26,61,0,17,-18,0.73,0.42,1.04,-0.03,0.28,-0.34
"USA-NY",2021 W06,41,5885276,0.7,44,27,61,-3,14,-20,0.79,0.48,1.1,-0.09,0.22,-0.4
"USA-NY",2021 W07,45,5885061,0.8,40,23,58,5,22,-13,0.69,0.38,1,0.11,0.42,-0.2
"USA-NY",2021 W08,63,5884846,1.1,44,26,61,19,37,2,0.76,0.45,1.07,0.34,0.65,0.03
"USA-NY",2021 W09,48,5884631,0.8,43,25,60,5,23,-12,0.76,0.45,1.07,0.04,0.35,-0.27
"USA-NY",2021 W10,47,5884416,0.8,44,27,62,3,20,-15,0.76,0.45,1.07,0.04,0.35,-0.27
"USA-NY",2021 W11,41,5884201,0.7,44,26,61,-3,15,-20,0.76,0.45,1.07,-0.06,0.25,-0.37
"USA-NY",2021 W12,47,5883986,0.8,41,23,58,6,24,-11,0.69,0.38,1,0.11,0.42,-0.2
"USA-NY",2021 W13,45,5883771,0.8,34,17,52,11,28,-7,0.59,0.28,0.9,0.21,0.52,-0.1
"USA-NY",2021 W14,56,5883556,1,44,27,61,12,29,-5,0.76,0.45,1.07,0.24,0.55,-0.07
"USA-NY",2021 W15,42,5883341,0.7,47,30,65,-5,12,-23,0.83,0.52,1.14,-0.13,0.18,-0.44
"USA-NY",2021 W16,47,5883126,0.8,48,30,65,-1,17,-18,0.79,0.48,1.1,0.01,0.32,-0.3
"USA-NY",2021 W17,53,5882911,0.9,39,22,57,14,31,-4,0.69,0.38,1,0.21,0.52,-0.1
"USA-NY",2021 W18,57,5882696,1,41,24,58,16,33,-1,0.73,0.42,1.04,0.27,0.58,-0.04
"USA-NY",2021 W19,52,5882481,0.9,45,28,63,7,24,-11,0.79,0.48,1.1,0.11,0.42,-0.2
"USA-NY",2021 W20,44,5882266,0.7,48,30,65,-4,14,-21,0.83,0.52,1.14,-0.13,0.18,-0.44
"USA-NY",2021 W21,30,5882051,0.5,45,27,62,-15,3,-32,0.79,0.48,1.1,-0.29,0.02,-0.6
"USA-NY",2021 W22,55,5881836,0.9,47,30,65,8,25,-10,0.83,0.52,1.14,0.07,0.38,-0.24
"USA-NY",2021 W23,45,5881621,0.8,47,30,64,-2,15,-19,0.79,0.48,1.1,0.01,0.32,-0.3
"USA-NY",2021 W24,53,5881406,0.9,53,36,70,0,17,-17,0.93,0.62,1.24,-0.03,0.28,-0.34
"USA-NY",2021 W25,47,5881191,0.8,43,26,61,4,21,-14,0.76,0.45,1.07,0.04,0.35,-0.27
"USA-NY",2021 W26,55,5880976,0.9,44,27,62,11,28,-7,0.76,0.45,1.07,0.14,0.45,-0.17
"USA-NY",2021 W27,44,5880761,0.7,56,39,73,-12,5,-29,0.99,0.68,1.3,-0.29,0.02,-0.6
"USA-NY",2021 W28,46,5880546,0.8,48,30,65,-2,16,-19,0.83,0.52,1.14,-0.03,0.28,-0.34
"USA-NY",2021 W29,26,5880331,0.4,52,35,70,-26,-9,-44,0.89,0.58,1.2,-0.49,-0.18,-0.8
"USA-NY",2021 W30,58,5880116,1,39,21,56,19,37,2,0.66,0.35,0.97,0.34,0.65,0.03
"USA-NY",2021 W31,47,5879901,0.8,35,18,53,12,29,-6,0.63,0.32,0.94,0.17,0.48,-0.14
"USA-NY",2021 W32,60,5879686,1,42,25,60,18,35,0,0.76,0.45,1.07,0.24,0.55,-0.07
"USA-NY",2021 W33,60,5879471,1,39,22,57,21,38,3,0.69,0.38,1,0.31,0.62,0
"USA-NY",2021 W34,62,5879256,1.1,47,30,64,15,32,-2,0.79,0.48,1.1,0.31,0.62,0
"USA-NY",2021 W35,61,5879041,1,42,24,59,19,37,2,0.73,0.42,1.04,0.27,0.58,-0.04
"USA-NY",2021 W36,56,5878826,1,45,28,63,11,28,-7,0.79,0.48,1.1,0.21,0.52,-0.1
"USA-NY",2021 W37,60,5878611,1,46,29,64,14,31,-4,0.79,0.48,1.1,0.21,0.52,-0.1
"USA-NY",2021 W38,49,5878396,0.8,43,26,61,6,23,-12,0.76,0.45,1.07,0.04,0.35,-0.27
"USA-NY",2021 W39,48,5878181,0.8,61,43,78,-13,5,-30,1.06,0.75,1.37,-0.26,0.05,-0.57
"USA-NY",2021 W40,65,5877966,1.1,47,30,65,18,35,0,0.83,0.52,1.14,0.27,0.58,-0.04
"USA-NY",2021 W41,38,5877751,0.6,43,25,60,-5,13,-22,0.76,0.45,1.07,-0.16,0.15,-0.47
"USA-NY",2021 W42,40,5877536,0.7,40,23,58,0,17,-18,0.73,0.42,1.04,-0.03,0.28,-0.34
"USA-NY",2021 W43,46,5877321,0.8,43,26,60,3,20,-14,0.76,0.45,1.07,0.04,0.35,-0.27
"USA-NY",2021 W44,47,5877106,0.8,46,29,64,1,18,-17,0.79,0.48,1.1,0.01,0.32,-0.3
"USA-NY",2021 W45,48,5876891,0.8,41,23,58,7,25,-10,0.73,0.42,1.04,0.07,0.38,-0.24
"USA-NY",2021 W46,57,5876676,1,40,23,58,17,34,-1,0.73,0.42,1.04,0.27,0.58,-0.04
"USA-NY",2021 W47,63,5876461,1.1,33,15,50,30,48,13,0.56,0.25,0.87,0.54,0.85,0.23
"USA-NY",2021 W48,44,5876246,0.7,35,18,53,9,26,-9,0.59,0.28,0.9,0.11,0.42,-0.2
"USA-NY",2021 W49,59,5876031,1,48,31,65,11,28,-6,0.83,0.52,1.14,0.17,0.48,-0.14
"USA-NY",2021 W50,45,5875816,0.8,54,36,71,-9,9,-26,0.93,0.62,1.24,-0.13,0.18,-0.44
"USA-NY",2021 W51,51,5875601,0.9,42,25,60,9,26,-9,0.73,0.42,1.04,0.17,0.48,-0.14
"USA-NY",2021 W52,47,5875386,0.8,47,29,65,0,18,-18,0.84,0.52,1.15,-0.04,0.28,-0.35
"USA-NY",2022 W01,52,5875171,0.9,44,26,62,8,26,-10,0.77,0.45,1.09,0.13,0.45,-0.19
"USA-NY",2022 W02,55,5874957,0.9,38,20,56,17,35,-1,0.7,0.39,1.02,0.2,0.51,-0.12
"USA-NY",2022 W03,40,5874742,0.7,47,29,65,-7,11,-25,0.84,0.52,1.15,-0.14,0.18,-0.45
"USA-NY",2022 W04,45,5874527,0.8,37,19,55,8,26,-10,0.67,0.35,0.99,0.13,0.45,-0.19
"USA-NY",2022 W05,38,5874312,0.6,42,24,59,-4,14,-21,0.7,0.39,1.02,-0.1,0.21,-0.42
"USA-NY",2022 W06,49,5874097,0.8,42,24,60,7,25,-11,0.77,0.45,1.09,0.03,0.35,-0.29
"USA-NY",2022 W07,38,5873882,0.6,39,21,56,-1,17,-18,0.67,0.35,0.99,-0.07,0.25,-0.39
"USA-NY",2022 W08,58,5873667,1,42,24,60,16,34,-2,0.74,0.42,1.05,0.26,0.58,-0.05
"USA-NY",2022 W09,51,5873452,0.9,41,23,59,10,28,-8,0.74,0.42,1.05,0.16,0.48,-0.15
"USA-NY",2022 W10,50,5873237,0.9,43,25,60,7,25,-10,0.74,0.42,1.05,0.16,0.48,-0.15
"USA-NY",2022 W11,52,5873022,0.9,42,24,60,10,28,-8,0.74,0.42,1.05,0.16,0.48,-0.15
"USA-NY",2022 W12,51,5872807,0.9,39,21,57,12,30,-6,0.67,0.35,0.99,0.23,0.55,-0.09
"USA-NY",2022 W13,38,5872592,0.6,33,15,50,5,23,-12,0.57,0.25,0.89,0.03,0.35,-0.29
"USA-NY",2022 W14,40,5872377,0.7,42,24,60,-2,16,-20,0.74,0.42,1.05,-0.04,0.28,-0.35
"USA-NY",2022 W15,43,5872162,0.7,46,28,63,-3,15,-20,0.8,0.49,1.12,-0.1,0.21,-0.42
"USA-NY",2022 W16,57,5871947,1,46,28,64,11,29,-7,0.77,0.45,1.09,0.23,0.55,-0.09
"USA-NY",2022 W17,47,5871732,0.8,38,20,55,9,27,-8,0.67,0.35,0.99,0.13,0.45,-0.19
"USA-NY",2022 W18,60,5871517,1,39,21,57,21,39,3,0.7,0.39,1.02,0.3,0.61,-0.02
"USA-NY",2022 W19,60,5871302,1,44,26,61,16,34,-1,0.77,0.45,1.09,0.23,0.55,-0.09
"USA-NY",2022 W20,55,5871087,0.9,46,28,64,9,27,-9,0.8,0.49,1.12,0.1,0.41,-0.22
"USA-NY",2022 W21,36,5870873,0.6,43,25,61,-7,11,-25,0.77,0.45,1.09,-0.17,0.15,-0.49
"USA-NY",2022 W22,45,5870658,0.8,46,28,63,-1,17,-18,0.8,0.49,1.12,0,0.31,-0.32
"USA-NY",2022 W23,46,5870443,0.8,45,27,63,1,19,-17,0.77,0.45,1.09,0.03,0.35,-0.29
"USA-NY",2022 W24,51,5870228,0.9,51,33,69,0,18,-18,0.9,0.59,1.22,0,0.31,-0.32
"USA-NY",2022 W25,53,5870013,0.9,42,24,59,11,29,-6,0.74,0.42,1.05,0.16,0.48,-0.15
"USA-NY",2022 W26,56,5869798,1,43,25,60,13,31,-4,0.74,0.42,1.05,0.26,0.58,-0.05
"USA-NY",2022 W27,59,5869583,1,54,36,72,5,23,-13,0.97,0.65,1.29,0.03,0.35,-0.29
"USA-NY",2022 W28,62,5869368,1.1,46,28,64,16,34,-2,0.8,0.49,1.12,0.3,0.61,-0.02
"USA-NY",2022 W29,54,5869153,0.9,51,33,68,3,21,-14,0.87,0.55,1.19,0.03,0.35,-0.29
"USA-NY",2022 W30,45,5868938,0.8,37,19,55,8,26,-10,0.64,0.32,0.95,0.16,0.48,-0.15
"USA-NY",2022 W31,47,5868723,0.8,34,16,51,13,31,-4,0.6,0.29,0.92,0.2,0.51,-0.12
"USA-NY",2022 W32,47,5868508,0.8,41,23,58,6,24,-11,0.74,0.42,1.05,0.06,0.38,-0.25
"USA-NY",2022 W33,55,5868293,0.9,38,20,55,17,35,0,0.67,0.35,0.99,0.23,0.55,-0.09
"USA-NY",2022 W34,52,5868078,0.9,45,27,63,7,25,-11,0.77,0.45,1.09,0.13,0.45,-0.19
"USA-NY",2022 W35,60,5867863,1,40,22,58,20,38,2,0.7,0.39,1.02,0.3,0.61,-0.02
"USA-NY",2022 W36,54,5867648,0.9,44,26,61,10,28,-7,0.77,0.45,1.09,0.13,0.45,-0.19
"USA-NY",2022 W37,54,5867433,0.9,45,27,62,9,27,-8,0.77,0.45,1.09,0.13,0.45,-0.19
"USA-NY",2022 W38,43,5867218,0.7,42,24,59,1,19,-16,0.74,0.42,1.05,-0.04,0.28,-0.35
"USA-NY",2022 W39,49,5867003,0.8,59,41,77,-10,8,-28,1.04,0.72,1.35,-0.24,0.08,-0.55
"USA-NY",2022 W40,54,5866788,0.9,46,28,63,8,26,-9,0.8,0.49,1.12,0.1,0.41,-0.22
"USA-NY",2022 W41,53,5866574,0.9,41,23,59,12,30,-6,0.74,0.42,1.05,0.16,0.48,-0.15
"USA-NY",2022 W42,35,5866359,0.6,39,21,56,-4,14,-21,0.7,0.39,1.02,-0.1,0.21,-0.42
"USA-NY",2022 W43,51,5866144,0.9,41,23,59,10,28,-8,0.74,0.42,1.05,0.16,0.48,-0.15
"USA-NY",2022 W44,48,5865929,0.8,45,27,62,3,21,-14,0.77,0.45,1.09,0.03,0.35,-0.29
"USA-NY",2022 W45,47,5865714,0.8,39,21,57,8,26,-10,0.7,0.39,1.02,0.1,0.41,-0.22
"USA-NY",2022 W46,52,5865499,0.9,39,21,56,13,31,-4,0.7,0.39,1.02,0.2,0.51,-0.12
"USA-NY",2022 W47,57,5865284,1,31,13,49,26,44,8,0.54,0.22,0.85,0.46,0.78,0.15
"USA-NY",2022 W48,54,5865069,0.9,34,16,51,20,38,3,0.57,0.25,0.89,0.33,0.65,0.01
"USA-NY",2022 W49,62,5864854,1.1,46,28,64,16,34,-2,0.8,0.49,1.12,0.3,0.61,-0.02
"USA-NY",2022 W50,36,5864639,0.6,52,34,70,-16,2,-34,0.9,0.59,1.22,-0.3,0.01,-0.62
"USA-NY",2022 W51,57,5864424,1,41,23,58,16,34,-1,0.7,0.39,1.02,0.3,0.61,-0.02
"USA-NY",2022 W52,51,5864209,0.9,45,27,63,6,24,-12,0.81,0.49,1.14,0.09,0.41,-0.24
"USA-NY",2023 W01,52,5863994,0.9,42,24,61,10,28,-9,0.75,0.42,1.07,0.15,0.48,-0.17
"USA-NY",2023 W02,48,5863779,0.8,36,18,55,12,30,-7,0.68,0.35,1.01,0.12,0.45,-0.21
"USA-NY",2023 W03,54,5863564,0.9,45,27,64,9,27,-10,0.81,0.49,1.14,0.09,0.41,-0.24
"USA-NY",2023 W04,46,5863349,0.8,35,17,53,11,29,-7,0.65,0.32,0.97,0.15,0.48,-0.17
"USA-NY",2023 W05,32,5863134,0.5,40,22,58,-8,10,-26,0.68,0.35,1.01,-0.18,0.15,-0.51
"USA-NY",2023 W06,54,5862919,0.9,40,22,59,14,32,-5,0.75,0.42,1.07,0.15,0.48,-0.17
"USA-NY",2023 W07,49,5862704,0.8,37,19,55,12,30,-6,0.65,0.32,0.97,0.15,0.48,-0.17
"USA-NY",2023 W08,41,5862489,0.7,40,22,58,1,19,-17,0.71,0.39,1.04,-0.01,0.31,-0.34
"USA-NY",2023 W09,67,5862274,1.1,39,21,57,28,46,10,0.71,0.39,1.04,0.39,0.71,0.06
"USA-NY",2023 W10,46,5862059,0.8,41,23,59,5,23,-13,0.71,0.39,1.04,0.09,0.41,-0.24
"USA-NY",2023 W11,44,5861844,0.8,40,22,58,4,22,-14,0.71,0.39,1.04,0.09,0.41,-0.24
"USA-NY",2023 W12,58,5861630,1,37,19,55,21,39,3,0.65,0.32,0.97,0.35,0.68,0.03
"USA-NY",2023 W13,38,5861415,0.6,31,13,49,7,25,-11,0.55,0.22,0.87,0.05,0.38,-0.27
"USA-NY",2023 W14,49,5861200,0.8,40,22,59,9,27,-10,0.71,0.39,1.04,0.09,0.41,-0.24
"USA-NY",2023 W15,52,5860985,0.9,44,26,62,8,26,-10,0.78,0.45,1.11,0.12,0.45,-0.21
"USA-NY",2023 W16,45,5860770,0.8,44,26,62,1,19,-17,0.75,0.42,1.07,0.05,0.38,-0.27
"USA-NY",2023 W17,56,5860555,1,36,18,54,20,38,2,0.65,0.32,0.97,0.35,0.68,0.03
"USA-NY",2023 W18,55,5860340,0.9,37,19,56,18,36,-1,0.68,0.35,1.01,0.22,0.55,-0.11
"USA-NY",2023 W19,55,5860125,0.9,42,24,60,13,31,-5,0.75,0.42,1.07,0.15,0.48,-0.17
"USA-NY",2023 W20,40,5859910,0.7,44,26,62,-4,14,-22,0.78,0.45,1.11,-0.08,0.25,-0.41
"USA-NY",2023 W21,51,5859695,0.9,41,23,59,10,28,-8,0.75,0.42,1.07,0.15,0.48,-0.17
"USA-NY",2023 W22,54,5859480,0.9,44,26,62,10,28,-8,0.78,0.45,1.11,0.12,0.45,-0.21
"USA-NY",2023 W23,35,5859265,0.6,43,25,62,-8,10,-27,0.75,0.42,1.07,-0.15,0.18,-0.47
"USA-NY",2023 W24,44,5859050,0.8,49,31,68,-5,13,-24,0.88,0.55,1.21,-0.08,0.25,-0.41
"USA-NY",2023 W25,52,5858835,0.9,40,22,58,12,30,-6,0.71,0.39,1.04,0.19,0.51,-0.14
"USA-NY",2023 W26,62,5858620,1.1,41,23,59,21,39,3,0.71,0.39,1.04,0.39,0.71,0.06
"USA-NY",2023 W27,44,5858405,0.8,52,34,71,-8,10,-27,0.95,0.62,1.27,-0.15,0.18,-0.47
"USA-NY",2023 W28,31,5858190,0.5,44,26,62,-13,5,-31,0.78,0.45,1.11,-0.28,0.05,-0.61
"USA-OH",2017 W01,50,3681829,1.4,59,43,74,-9,7,-24,1.61,1.19,2.03,-0.21,0.21,-0.63
"USA-OH",2017 W02,60,3681408,1.6,56,40,71,4,20,-11,1.51,1.09,1.93,0.09,0.51,-0.33
"USA-OH",2017 W03,49,3680986,1.3,51,35,66,-2,14,-17,1.38,0.96,1.8,-0.08,0.34,-0.5
"USA-OH",2017 W04,57,3680565,1.5,52,36,67,5,21,-10,1.41,0.99,1.83,0.09,0.51,-0.33
"USA-OH",2017 W05,54,3680143,1.5,58,42,73,-4,12,-19,1.58,1.16,2,-0.08,0.34,-0.5
"USA-OH",2017 W06,59,3679722,1.6,58,43,74,1,16,-15,1.58,1.16,2,0.02,0.44,-0.4
"USA-OH",2017 W07,54,3679301,1.5,53,37,68,1,17,-14,1.48,1.06,1.9,0.02,0.44,-0.4
"USA-OH",2017 W08,64,3678879,1.7,59,43,74,5,21,-10,1.58,1.16,2,0.12,0.54,-0.3
"USA-OH",2017 W09,50,3678458,1.4,59,43,74,-9,7,-24,1.61,1.19,2.03,-0.21,0.21,-0.63
"USA-OH",2017 W10,52,3678036,1.4,55,39,70,-3,13,-18,1.51,1.09,1.93,-0.11,0.31,-0.53
"USA-OH",2017 W11,46,3677615,1.3,51,35,66,-5,11,-20,1.38,0.96,1.8,-0.08,0.34,-0.5
"USA-OH",2017 W12,61,3677193,1.7,60,44,75,1,17,-14,1.64,1.23,2.06,0.06,0.47,-0.36
"USA-OH",2017 W13,67,3676772,1.8,51,35,66,16,32,1,1.38,0.96,1.8,0.42,0.84,0
"USA-OH",2017 W14,45,3676350,1.2,54,38,69,-9,7,-24,1.48,1.06,1.9,-0.28,0.14,-0.7
"USA-OH",2017 W15,53,3675929,1.4,55,39,70,-2,14,-17,1.48,1.06,1.9,-0.08,0.34,-0.5
"USA-OH",2017 W16,59,3675508,1.6,59,44,75,0,15,-16,1.61,1.19,2.03,-0.01,0.41,-0.43
"USA-OH",2017 W17,56,3675086,1.5,52,37,68,4,19,-12,1.41,0.99,1.83,0.09,0.51,-0.33
"USA-OH",2017 W18,58,3674665,1.6,54,39,70,4,19,-12,1.48,1.06,1.9,0.12,0.54,-0.3
"USA-OH",2017 W19,37,3674243,1,46,30,61,-9,7,-24,1.24,0.83,1.66,-0.24,0.17,-0.66
"USA-OH",2017 W20,56,3673822,1.5,51,36,67,5,20,-11,1.38,0.96,1.8,0.12,0.54,-0.3
"USA-OH",2017 W21,57,3673400,1.6,57,42,73,0,15,-16,1.54,1.13,1.96,0.06,0.47,-0.36
"USA-OH",2017 W22,49,3672979,1.3,53,38,69,-4,11,-20,1.44,1.03,1.86,-0.14,0.27,-0.56
"USA-OH",2017 W23,71,3672558,1.9,67,51,82,4,20,-11,1.81,1.39,2.23,0.09,0.51,-0.33
"USA-OH",2017 W24,66,3672136,1.8,60,44,75,6,22,-9,1.64,1.23,2.06,0.16,0.57,-0.26
"USA-OH",2017 W25,74,3671715,2,65,50,81,9,24,-7,1.78,1.36,2.2,0.22,0.64,-0.2
"USA-OH",2017 W26,55,3671293,1.5,61,45,76,-6,10,-21,1.64,1.23,2.06,-0.14,0.27,-0.56
"USA-OH",2017 W27,52,3670872,1.4,61,45,76,-9,7,-24,1.68,1.26,2.1,-0.28,0.14,-0.7
"USA-OH",2017 W28,63,3670450,1.7,61,45,76,2,18,-13,1.64,1.23,2.06,0.06,0.47,-0.36
"USA-OH",2017 W29,58,3670029,1.6,57,41,72,1,17,-14,1.54,1.13,1.96,0.06,0.47,-0.36
"USA-OH",2017 W30,52,3669607,1.4,59,43,74,-7,9,-22,1.61,1.19,2.03,-0.21,0.21,-0.63
"USA-OH",2017 W31,56,3669186,1.5,49,33,64,7,23,-8,1.31,0.89,1.73,0.19,0.61,-0.23
"USA-OH",2017 W32,61,3668765,1.7,56,40,71,5,21,-10,1.54,1.13,1.96,0.16,0.57,-0.26
"USA-OH",2017 W33,50,3668343,1.4,52,36,67,-2,14,-17,1.44,1.03,1.86,-0.04,0.37,-0.46
"USA-OH",2017 W34,55,3667922,1.5,57,42,73,-2,13,-18,1.54,1.13,1.96,-0.04,0.37,-0.46
"USA-OH",2017 W35,56,3667500,1.5,53,37,68,3,19,-12,1.41,0.99,1.83,0.09,0.51,-0.33
"USA-OH",2017 W36,62,3667079,1.7,59,43,74,3,19,-12,1.61,1.19,2.03,0.09,0.51,-0.33
"USA-OH",2017 W37,54,3666657,1.5,58,42,73,-4,12,-19,1.58,1.16,2,-0.08,0.34,-0.5
"USA-OH",2017 W38,60,3666236,1.6,58,42,73,2,18,-13,1.58,1.16,2,0.02,0.44,-0.4
"USA-OH",2017 W39,61,3665815,1.7,54,39,70,7,22,-9,1.51,1.09,1.93,0.19,0.61,-0.23
"USA-OH",2017 W40,60,3665393,1.6,58,42,73,2,18,-13,1.58,1.16,2,0.02,0.44,-0.4
"USA-OH",2017 W41,63,3664972,1.7,58,43,74,5,20,-11,1.58,1.16,2,0.12,0.54,-0.3
"USA-OH",2017 W42,43,3664550,1.2,51,35,66,-8,8,-23,1.38,0.96,1.8,-0.18,0.24,-0.6
"USA-OH",2017 W43,60,3664129,1.6,55,39,70,5,21,-10,1.48,1.06,1.9,0.12,0.54,-0.3
"USA-OH",2017 W44,48,3663707,1.3,52,36,67,-4,12,-19,1.38,0.96,1.8,-0.08,0.34,-0.5
"USA-OH",2017 W45,53,3663286,1.4,49,33,64,4,20,-11,1.31,0.89,1.73,0.09,0.51,-0.33
"USA-OH",2017 W46,53,3662864,1.4,51,36,67,2,17,-14,1.38,0.96,1.8,0.02,0.44,-0.4
"USA-OH",2017 W47,58,3662443,1.6,52,37,68,6,21,-10,1.44,1.03,1.86,0.16,0.57,-0.26
"USA-OH",2017 W48,49,3662022,1.3,54,38,69,-5,11,-20,1.44,1.03,1.86,-0.14,0.27,-0.56
"USA-OH",2017 W49,52,3661600,1.4,52,37,68,0,15,-16,1.41,0.99,1.83,-0.01,0.41,-0.43
"USA-OH",2017 W50,57,3661179,1.6,55,40,71,2,17,-14,1.54,1.13,1.96,0.06,0.47,-0.36
"USA-OH",2017 W51,62,3660757,1.7,54,38,69,8,24,-7,1.48,1.06,1.9,0.22,0.64,-0.2
"USA-OH",2017 W52,43,3660336,1.2,46,30,61,-3,13,-18,1.24,0.83,1.66,-0.04,0.37,-0.46
"USA-OH",2018 W01,62,3659937,1.7,54,39,70,8,23,-8,1.5,1.08,1.92,0.2,0.62,-0.22
"USA-OH",2018 W02,52,3659569,1.4,52,36,67,0,16,-15,1.4,0.98,1.82,0,0.42,-0.42
"USA-OH",2018 W03,46,3659201,1.3,46,31,62,0,15,-16,1.27,0.85,1.68,0.03,0.45,-0.38
"USA-OH",2018 W04,51,3658834,1.4,48,32,63,3,19,-12,1.3,0.88,1.72,0.1,0.52,-0.32
"USA-OH",2018 W05,59,3658466,1.6,54,38,69,5,21,-10,1.47,1.05,1.88,0.13,0.55,-0.28
"USA-OH",2018 W06,53,3658098,1.4,54,39,69,-1,14,-16,1.47,1.05,1.88,-0.07,0.35,-0.48
"USA-OH",2018 W07,57,3657730,1.6,49,33,64,8,24,-7,1.37,0.95,1.78,0.23,0.65,-0.18
"USA-OH",2018 W08,61,3657362,1.7,54,39,70,7,22,-9,1.47,1.05,1.88,0.23,0.65,-0.18
"USA-OH",2018 W09,56,3656994,1.5,54,39,70,2,17,-14,1.5,1.08,1.92,0,0.42,-0.42
"USA-OH",2018 W10,54,3656626,1.5,51,35,66,3,19,-12,1.4,0.98,1.82,0.1,0.52,-0.32
"USA-OH",2018 W11,42,3656258,1.1,47,31,62,-5,11,-20,1.27,0.85,1.68,-0.17,0.25,-0.58
"USA-OH",2018 W12,59,3655890,1.6,55,40,71,4,19,-12,1.53,1.12,1.95,0.07,0.48,-0.35
"USA-OH",2018 W13,43,3655522,1.2,46,31,62,-3,12,-19,1.27,0.85,1.68,-0.07,0.35,-0.48
"USA-OH",2018 W14,47,3655154,1.3,50,34,65,-3,13,-18,1.37,0.95,1.78,-0.07,0.35,-0.48
"USA-OH",2018 W15,46,3654787,1.3,50,35,66,-4,11,-20,1.37,0.95,1.78,-0.07,0.35,-0.48
"USA-OH",2018 W16,48,3654419,1.3,55,40,70,-7,8,-22,1.5,1.08,1.92,-0.2,0.22,-0.62
"USA-OH",2018 W17,43,3654051,1.2,48,33,63,-5,10,-20,1.3,0.88,1.72,-0.1,0.32,-0.52
"USA-OH",2018 W18,58,3653683,1.6,50,35,65,8,23,-7,1.37,0.95,1.78,0.23,0.65,-0.18
"USA-OH",2018 W19,47,3653315,1.3,42,26,57,5,21,-10,1.13,0.72,1.55,0.17,0.58,-0.25
"USA-OH",2018 W20,45,3652947,1.2,47,32,62,-2,13,-17,1.27,0.85,1.68,-0.07,0.35,-0.48
"USA-OH",2018 W21,49,3652579,1.3,53,38,68,-4,11,-19,1.43,1.02,1.85,-0.13,0.28,-0.55
"USA-OH",2018 W22,54,3652211,1.5,49,34,64,5,20,-10,1.33,0.92,1.75,0.17,0.58,-0.25
"USA-OH",2018 W23,66,3651843,1.8,62,47,78,4,19,-12,1.7,1.28,2.12,0.1,0.52,-0.32
"USA-OH",2018 W24,46,3651475,1.3,56,40,71,-10,6,-25,1.53,1.12,1.95,-0.23,0.18,-0.65
"USA-OH",2018 W25,51,3651107,1.4,61,46,76,-10,5,-25,1.67,1.25,2.08,-0.27,0.15,-0.68
"USA-OH",2018 W26,44,3650740,1.2,56,41,72,-12,3,-28,1.53,1.12,1.95,-0.33,0.08,-0.75
"USA-OH",2018 W27,61,3650372,1.7,57,41,72,4,20,-11,1.57,1.15,1.98,0.13,0.55,-0.28
"USA-OH",2018 W28,50,3650004,1.4,56,41,72,-6,9,-22,1.53,1.12,1.95,-0.13,0.28,-0.55
"USA-OH",2018 W29,44,3649636,1.2,53,37,68,-9,7,-24,1.43,1.02,1.85,-0.23,0.18,-0.65
"USA-OH",2018 W30,57,3649268,1.6,55,39,70,2,18,-13,1.5,1.08,1.92,0.1,0.52,-0.32
"USA-OH",2018 W31,40,3648900,1.1,45,29,60,-5,11,-20,1.2,0.78,1.62,-0.1,0.32,-0.52
"USA-OH",2018 W32,48,3648532,1.3,52,36,67,-4,12,-19,1.43,1.02,1.85,-0.13,0.28,-0.55
"USA-OH",2018 W33,50,3648164,1.4,48,32,63,2,18,-13,1.33,0.92,1.75,0.07,0.48,-0.35
"USA-OH",2018 W34,56,3647796,1.5,53,38,68,3,18,-12,1.43,1.02,1.85,0.07,0.48,-0.35
"USA-OH",2018 W35,48,3647428,1.3,49,33,64,-1,15,-16,1.3,0.88,1.72,0,0.42,-0.42
"USA-OH",2018 W36,45,3647060,1.2,55,39,70,-10,6,-25,1.5,1.08,1.92,-0.3,0.12,-0.72
"USA-OH",2018 W37,58,3646692,1.6,53,38,69,5,20,-11,1.47,1.05,1.88,0.13,0.55,-0.28
"USA-OH",2018 W38,50,3646325,1.4,53,38,69,-3,12,-19,1.47,1.05,1.88,-0.07,0.35,-0.48
"USA-OH",2018 W39,43,3645957,1.2,50,35,65,-7,8,-22,1.4,0.98,1.82,-0.2,0.22,-0.62
"USA-OH",2018 W40,47,3645589,1.3,54,38,69,-7,9,-22,1.47,1.05,1.88,-0.17,0.25,-0.58
"USA-OH",2018 W41,50,3645221,1.4,54,39,69,-4,11,-19,1.47,1.05,1.88,-0.07,0.35,-0.48
"USA-OH",2018 W42,51,3644853,1.4,46,31,62,5,20,-11,1.27,0.85,1.68,0.13,0.55,-0.28
"USA-OH",2018 W43,48,3644485,1.3,51,35,66,-3,13,-18,1.37,0.95,1.78,-0.07,0.35,-0.48
"USA-OH",2018 W44,52,3644117,1.4,47,32,63,5,20,-11,1.27,0.85,1.68,0.13,0.55,-0.28
"USA-OH",2018 W45,44,3643749,1.2,44,29,60,0,15,-16,1.2,0.78,1.62,0,0.42,-0.42
"USA-OH",2018 W46,40,3643381,1.1,47,32,62,-7,8,-22,1.27,0.85,1.68,-0.17,0.25,-0.58
"USA-OH",2018 W47,42,3643013,1.2,48,33,63,-6,9,-21,1.33,0.92,1.75,-0.13,0.28,-0.55
"USA-OH",2018 W48,52,3642645,1.4,49,34,65,3,18,-13,1.33,0.92,1.75,0.07,0.48,-0.35
"USA-OH",2018 W49,49,3642278,1.3,48,33,63,1,16,-14,1.3,0.88,1.72,0,0.42,-0.42
"USA-OH",2018 W50,46,3641910,1.3,51,36,66,-5,10,-20,1.43,1.02,1.85,-0.13,0.28,-0.55
"USA-OH",2018 W51,43,3641542,1.2,50,34,65,-7,9,-22,1.37,0.95,1.78,-0.17,0.25,-0.58
"USA-OH",2018 W52,43,3641174,1.2,41,26,57,2,17,-14,1.13,0.72,1.55,0.07,0.48,-0.35
"USA-OH",2019 W01,51,3641191,1.4,50,35,66,1,16,-15,1.39,0.97,1.81,0.01,0.43,-0.41
"USA-OH",2019 W02,43,3642056,1.2,47,32,63,-4,11,-20,1.29,0.87,1.71,-0.09,0.33,-0.51
"USA-OH",2019 W03,44,3642947,1.2,42,27,58,2,17,-14,1.16,0.74,1.57,0.04,0.46,-0.37
"USA-OH",2019 W04,35,3643837,1,43,28,59,-8,7,-24,1.19,0.77,1.61,-0.19,0.23,-0.61
"USA-OH",2019 W05,48,3644728,1.3,49,34,65,-1,14,-17,1.36,0.94,1.77,-0.06,0.36,-0.47
"USA-OH",2019 W06,50,3645619,1.4,50,34,65,0,16,-15,1.36,0.94,1.77,0.04,0.46,-0.37
"USA-OH",2019 W07,35,3646509,1,44,29,60,-9,6,-25,1.26,0.84,1.67,-0.26,0.16,-0.67
"USA-OH",2019 W08,38,3647400,1,50,35,66,-12,3,-28,1.36,0.94,1.77,-0.36,0.06,-0.77
"USA-OH",2019 W09,57,3648291,1.6,50,35,66,7,22,-9,1.39,0.97,1.81,0.21,0.63,-0.21
"USA-OH",2019 W10,46,3649181,1.3,46,31,62,0,15,-16,1.29,0.87,1.71,0.01,0.43,-0.41
"USA-OH",2019 W11,52,3650072,1.4,42,27,58,10,25,-6,1.16,0.74,1.57,0.24,0.66,-0.17
"USA-OH",2019 W12,46,3650963,1.3,51,36,67,-5,10,-21,1.42,1,1.84,-0.12,0.3,-0.54
"USA-OH",2019 W13,29,3651853,0.8,42,27,58,-13,2,-29,1.16,0.74,1.57,-0.36,0.06,-0.77
"USA-OH",2019 W14,57,3652744,1.6,45,30,61,12,27,-4,1.26,0.84,1.67,0.34,0.76,-0.07
"USA-OH",2019 W15,52,3653635,1.4,46,31,62,6,21,-10,1.26,0.84,1.67,0.14,0.56,-0.27
"USA-OH",2019 W16,58,3654526,1.6,51,35,66,7,23,-8,1.39,0.97,1.81,0.21,0.63,-0.21
"USA-OH",2019 W17,45,3655416,1.2,44,28,59,1,17,-14,1.19,0.77,1.61,0.01,0.43,-0.41
"USA-OH",2019 W18,34,3656307,0.9,46,30,61,-12,4,-27,1.26,0.84,1.67,-0.36,0.06,-0.77
"USA-OH",2019 W19,41,3657198,1.1,37,22,53,4,19,-12,1.02,0.6,1.44,0.08,0.5,-0.34
"USA-OH",2019 W20,40,3658088,1.1,43,27,58,-3,13,-18,1.16,0.74,1.57,-0.06,0.36,-0.47
"USA-OH",2019 W21,53,3658979,1.4,49,33,64,4,20,-11,1.32,0.9,1.74,0.08,0.5,-0.34
"USA-OH",2019 W22,44,3659870,1.2,45,29,60,-1,15,-16,1.22,0.8,1.64,-0.02,0.4,-0.44
"USA-OH",2019 W23,50,3660760,1.4,58,43,74,-8,7,-24,1.59,1.17,2.01,-0.19,0.23,-0.61
"USA-OH",2019 W24,55,3661651,1.5,51,36,67,4,19,-12,1.42,1,1.84,0.08,0.5,-0.34
"USA-OH",2019 W25,58,3662542,1.6,57,41,72,1,17,-14,1.56,1.14,1.97,0.04,0.46,-0.37
"USA-OH",2019 W26,70,3663432,1.9,52,37,68,18,33,2,1.42,1,1.84,0.48,0.9,0.06
"USA-OH",2019 W27,57,3664323,1.6,52,37,68,5,20,-11,1.46,1.04,1.87,0.14,0.56,-0.27
"USA-OH",2019 W28,56,3665214,1.5,52,37,68,4,19,-12,1.42,1,1.84,0.08,0.5,-0.34
"USA-OH",2019 W29,56,3666104,1.5,48,33,64,8,23,-8,1.32,0.9,1.74,0.18,0.6,-0.24
"USA-OH",2019 W30,55,3666995,1.5,50,35,66,5,20,-11,1.39,0.97,1.81,0.11,0.53,-0.31
"USA-OH",2019 W31,38,3667886,1,40,25,56,-2,13,-18,1.09,0.67,1.51,-0.09,0.33,-0.51
"USA-OH",2019 W32,46,3668776,1.3,47,32,63,-1,14,-17,1.32,0.9,1.74,-0.02,0.4,-0.44
"USA-OH",2019 W33,43,3669667,1.2,43,28,59,0,15,-16,1.22,0.8,1.64,-0.02,0.4,-0.44
"USA-OH",2019 W34,48,3670558,1.3,49,33,64,-1,15,-16,1.32,0.9,1.74,-0.02,0.4,-0.44
"USA-OH",2019 W35,42,3671448,1.1,44,29,60,-2,13,-18,1.19,0.77,1.61,-0.09,0.33,-0.51
"USA-OH",2019 W36,57,3672339,1.6,50,35,66,7,22,-9,1.39,0.97,1.81,0.21,0.63,-0.21
"USA-OH",2019 W37,48,3673230,1.3,49,34,65,-1,14,-17,1.36,0.94,1.77,-0.06,0.36,-0.47
"USA-OH",2019 W38,50,3674120,1.4,49,34,65,1,16,-15,1.36,0.94,1.77,0.04,0.46,-0.37
"USA-OH",2019 W39,46,3675011,1.3,46,30,61,0,16,-15,1.29,0.87,1.71,0.01,0.43,-0.41
"USA-OH",2019 W40,54,3675902,1.5,49,34,65,5,20,-11,1.36,0.94,1.77,0.14,0.56,-0.27
"USA-OH",2019 W41,49,3676792,1.3,50,34,65,-1,15,-16,1.36,0.94,1.77,-0.06,0.36,-0.47
"USA-OH",2019 W42,45,3677683,1.2,42,27,58,3,18,-13,1.16,0.74,1.57,0.04,0.46,-0.37
"USA-OH",2019 W43,44,3678574,1.2,46,31,62,-2,13,-18,1.26,0.84,1.67,-0.06,0.36,-0.47
"USA-OH",2019 W44,42,3679464,1.1,43,28,59,-1,14,-17,1.16,0.74,1.57,-0.06,0.36,-0.47
"USA-OH",2019 W45,36,3680355,1,40,25,56,-4,11,-20,1.09,0.67,1.51,-0.09,0.33,-0.51
"USA-OH",2019 W46,48,3681246,1.3,43,27,58,5,21,-10,1.16,0.74,1.57,0.14,0.56,-0.27
"USA-OH",2019 W47,44,3682136,1.2,44,28,59,0,16,-15,1.22,0.8,1.64,-0.02,0.4,-0.44
"USA-OH",2019 W48,47,3683027,1.3,45,30,61,2,17,-14,1.22,0.8,1.64,0.08,0.5,-0.34
"USA-OH",2019 W49,43,3683918,1.2,44,28,59,-1,15,-16,1.19,0.77,1.61,0.01,0.43,-0.41
"USA-OH",2019 W50,50,3684808,1.4,47,31,62,3,19,-12,1.32,0.9,1.74,0.08,0.5,-0.34
"USA-OH",2019 W51,44,3685699,1.2,45,30,61,-1,14,-17,1.26,0.84,1.67,-0.06,0.36,-0.47
"USA-OH",2019 W52,38,3686590,1,37,22,53,1,16,-15,1.02,0.6,1.44,-0.02,0.4,-0.44
"USA-OH",2020 W01,62,3687128,1.7,46,30,61,16,32,1,1.28,0.86,1.7,0.42,0.84,0
"USA-OH",2020 W02,50,3686398,1.4,43,28,59,7,22,-9,1.18,0.76,1.6,0.22,0.64,-0.2
"USA-OH",2020 W03,52,3685563,1.4,38,22,53,14,30,-1,1.05,0.62,1.47,0.35,0.78,-0.07
"USA-OH",2020 W04,38,3684728,1,39,24,55,-1,14,-17,1.08,0.66,1.5,-0.08,0.34,-0.5
"USA-OH",2020 W05,41,3683892,1.1,45,30,61,-4,11,-20,1.25,0.82,1.67,-0.15,0.28,-0.57
"USA-OH",2020 W06,46,3683057,1.2,45,30,61,1,16,-15,1.25,0.82,1.67,-0.05,0.38,-0.47
"USA-OH",2020 W07,37,3682222,1,40,25,56,-3,12,-19,1.15,0.72,1.57,-0.15,0.28,-0.57
"USA-OH",2020 W08,45,3681386,1.2,46,30,61,-1,15,-16,1.25,0.82,1.67,-0.05,0.38,-0.47
"USA-OH",2020 W09,43,3680551,1.2,46,30,61,-3,13,-18,1.28,0.86,1.7,-0.08,0.34,-0.5
"USA-OH",2020 W10,53,3679715,1.4,42,27,58,11,26,-5,1.18,0.76,1.6,0.22,0.64,-0.2
"USA-OH",2020 W11,49,3678880,1.3,38,23,54,11,26,-5,1.05,0.62,1.47,0.25,0.68,-0.17
"USA-OH",2020 W12,46,3678045,1.3,47,31,62,-1,15,-16,1.31,0.89,1.74,-0.01,0.41,-0.44
"USA-OH",2020 W13,44,3677209,1.2,38,22,53,6,22,-9,1.05,0.62,1.47,0.15,0.58,-0.27
"USA-OH",2020 W14,34,3676374,0.9,41,26,57,-7,8,-23,1.15,0.72,1.57,-0.25,0.18,-0.67
"USA-OH",2020 W15,49,3675539,1.3,42,26,57,7,23,-8,1.15,0.72,1.57,0.15,0.58,-0.27
"USA-OH",2020 W16,54,3674703,1.5,46,31,62,8,23,-8,1.28,0.86,1.7,0.22,0.64,-0.2
"USA-OH",2020 W17,46,3673868,1.3,39,24,55,7,22,-9,1.08,0.66,1.5,0.22,0.64,-0.2
"USA-OH",2020 W18,42,3673033,1.1,41,26,57,1,16,-15,1.15,0.72,1.57,-0.05,0.38,-0.47
"USA-OH",2020 W19,48,3672197,1.3,33,18,49,15,30,-1,0.91,0.49,1.34,0.39,0.81,-0.04
"USA-OH",2020 W20,46,3671362,1.3,38,23,54,8,23,-8,1.05,0.62,1.47,0.25,0.68,-0.17
"USA-OH",2020 W21,47,3670527,1.3,44,29,60,3,18,-13,1.21,0.79,1.64,0.09,0.51,-0.34
"USA-OH",2020 W22,72,3669691,2,40,25,56,32,47,16,1.11,0.69,1.54,0.89,1.31,0.46
"USA-OH",2020 W23,63,3668856,1.7,54,38,69,9,25,-6,1.48,1.06,1.9,0.22,0.64,-0.2
"USA-OH",2020 W24,60,3668021,1.6,47,32,63,13,28,-3,1.31,0.89,1.74,0.29,0.71,-0.14
"USA-OH",2020 W25,54,3667185,1.5,52,37,68,2,17,-14,1.45,1.02,1.87,0.05,0.48,-0.37
"USA-OH",2020 W26,61,3666350,1.7,48,32,63,13,29,-2,1.31,0.89,1.74,0.39,0.81,-0.04
"USA-OH",2020 W27,63,3665514,1.7,48,33,64,15,30,-1,1.35,0.92,1.77,0.35,0.78,-0.07
"USA-OH",2020 W28,59,3664679,1.6,48,32,63,11,27,-4,1.31,0.89,1.74,0.29,0.71,-0.14
"USA-OH",2020 W29,54,3663844,1.5,44,29,60,10,25,-6,1.21,0.79,1.64,0.29,0.71,-0.14
"USA-OH",2020 W30,61,3663008,1.7,46,31,62,15,30,-1,1.28,0.86,1.7,0.42,0.84,0
"USA-OH",2020 W31,56,3662173,1.5,36,21,52,20,35,4,0.98,0.56,1.4,0.52,0.94,0.1
"USA-OH",2020 W32,51,3661338,1.4,43,28,59,8,23,-8,1.21,0.79,1.64,0.19,0.61,-0.24
"USA-OH",2020 W33,61,3660502,1.7,39,24,55,22,37,6,1.11,0.69,1.54,0.59,1.01,0.16
"USA-OH",2020 W34,54,3659667,1.5,44,29,60,10,25,-6,1.21,0.79,1.64,0.29,0.71,-0.14
"USA-OH",2020 W35,57,3658832,1.6,40,25,56,17,32,1,1.08,0.66,1.5,0.52,0.94,0.1
"USA-OH",2020 W36,50,3657996,1.4,46,31,62,4,19,-12,1.28,0.86,1.7,0.12,0.54,-0.3
"USA-OH",2020 W37,58,3657161,1.6,45,29,60,13,29,-2,1.25,0.82,1.67,0.35,0.78,-0.07
"USA-OH",2020 W38,61,3656326,1.7,45,29,60,16,32,1,1.25,0.82,1.67,0.45,0.88,0.03
"USA-OH",2020 W39,49,3655490,1.3,41,26,57,8,23,-8,1.18,0.76,1.6,0.12,0.54,-0.3
"USA-OH",2020 W40,53,3654655,1.5,45,30,61,8,23,-8,1.25,0.82,1.67,0.25,0.68,-0.17
"USA-OH",2020 W41,61,3653820,1.7,45,30,61,16,31,0,1.25,0.82,1.67,0.45,0.88,0.03
"USA-OH",2020 W42,45,3652984,1.2,38,22,53,7,23,-8,1.05,0.62,1.47,0.15,0.58,-0.27
"USA-OH",2020 W43,39,3652149,1.1,42,27,58,-3,12,-19,1.15,0.72,1.57,-0.05,0.38,-0.47
"USA-OH",2020 W44,47,3651314,1.3,39,23,54,8,24,-7,1.05,0.62,1.47,0.25,0.68,-0.17
"USA-OH",2020 W45,40,3650478,1.1,36,20,51,4,20,-11,0.98,0.56,1.4,0.12,0.54,-0.3
"USA-OH",2020 W46,49,3649643,1.3,38,23,54,11,26,-5,1.05,0.62,1.47,0.25,0.68,-0.17
"USA-OH",2020 W47,37,3648807,1,39,24,55,-2,13,-18,1.11,0.69,1.54,-0.11,0.31,-0.54
"USA-OH",2020 W48,52,3647972,1.4,41,25,56,11,27,-4,1.11,0.69,1.54,0.29,0.71,-0.14
"USA-OH",2020 W49,46,3647137,1.3,39,24,55,7,22,-9,1.08,0.66,1.5,0.22,0.64,-0.2
"USA-OH",2020 W50,50,3646301,1.4,42,27,58,8,23,-8,1.21,0.79,1.64,0.19,0.61,-0.24
"USA-OH",2020 W51,59,3645466,1.6,41,26,57,18,33,2,1.15,0.72,1.57,0.45,0.88,0.03
"USA-OH",2020 W52,41,3644631,1.1,33,17,48,8,24,-7,0.91,0.49,1.34,0.19,0.61,-0.24
"USA-OH",2020 W53,41,3643835,1.1,42,26,57,-1,15,-16,1.17,0.74,1.6,-0.07,0.36,-0.5
"USA-OH",2021 W01,41,3643518,1.1,39,23,55,2,18,-14,1.07,0.64,1.5,0.03,0.46,-0.4
"USA-OH",2021 W02,43,3643334,1.2,34,18,49,9,25,-6,0.93,0.5,1.37,0.27,0.7,-0.17
"USA-OH",2021 W03,45,3643150,1.2,35,19,51,10,26,-6,0.97,0.54,1.4,0.23,0.66,-0.2
"USA-OH",2021 W04,47,3642966,1.3,41,25,57,6,22,-10,1.13,0.7,1.57,0.17,0.6,-0.27
"USA-OH",2021 W05,46,3642782,1.3,41,25,57,5,21,-11,1.13,0.7,1.57,0.17,0.6,-0.27
"USA-OH",2021 W06,37,3642598,1,36,20,52,1,17,-15,1.03,0.6,1.47,-0.03,0.4,-0.47
"USA-OH",2021 W07,43,3642414,1.2,42,26,57,1,17,-14,1.13,0.7,1.57,0.07,0.5,-0.37
"USA-OH",2021 W08,52,3642229,1.4,42,26,57,10,26,-5,1.17,0.74,1.6,0.23,0.66,-0.2
"USA-OH",2021 W09,52,3642045,1.4,38,22,54,14,30,-2,1.07,0.64,1.5,0.33,0.76,-0.1
"USA-OH",2021 W10,59,3641861,1.6,34,18,50,25,41,9,0.93,0.5,1.37,0.67,1.1,0.23
"USA-OH",2021 W11,53,3641677,1.5,43,27,58,10,26,-5,1.2,0.77,1.63,0.3,0.73,-0.13
"USA-OH",2021 W12,65,3641493,1.8,34,18,49,31,47,16,0.93,0.5,1.37,0.87,1.3,0.43
"USA-OH",2021 W13,59,3641309,1.6,37,21,53,22,38,6,1.03,0.6,1.47,0.57,1,0.13
"USA-OH",2021 W14,47,3641125,1.3,38,22,53,9,25,-6,1.03,0.6,1.47,0.27,0.7,-0.17
"USA-OH",2021 W15,46,3640941,1.3,42,26,58,4,20,-12,1.17,0.74,1.6,0.13,0.56,-0.3
"USA-OH",2021 W16,47,3640757,1.3,35,19,51,12,28,-4,0.97,0.54,1.4,0.33,0.76,-0.1
"USA-OH",2021 W17,54,3640572,1.5,37,21,53,17,33,1,1.03,0.6,1.47,0.47,0.9,0.03
"USA-OH",2021 W18,47,3640388,1.3,29,13,45,18,34,2,0.8,0.37,1.23,0.5,0.93,0.07
"USA-OH",2021 W19,46,3640204,1.3,34,18,50,12,28,-4,0.93,0.5,1.37,0.37,0.8,-0.07
"USA-OH",2021 W20,58,3640020,1.6,40,24,56,18,34,2,1.1,0.67,1.53,0.5,0.93,0.07
"USA-OH",2021 W21,46,3639836,1.3,36,20,52,10,26,-6,1,0.57,1.43,0.3,0.73,-0.13
"USA-OH",2021 W22,55,3639652,1.5,50,34,65,5,21,-10,1.37,0.94,1.8,0.13,0.56,-0.3
"USA-OH",2021 W23,45,3639468,1.2,43,27,59,2,18,-14,1.2,0.77,1.63,0,0.43,-0.43
"USA-OH",2021 W24,51,3639284,1.4,48,32,64,3,19,-13,1.33,0.9,1.77,0.07,0.5,-0.37
"USA-OH",2021 W25,56,3639100,1.5,44,28,59,12,28,-3,1.2,0.77,1.63,0.3,0.73,-0.13
"USA-OH",2021 W26,55,3638915,1.5,44,28,60,11,27,-5,1.23,0.8,1.67,0.27,0.7,-0.17
"USA-OH",2021 W27,56,3638731,1.5,44,28,59,12,28,-3,1.2,0.77,1.63,0.3,0.73,-0.13
"USA-OH",2021 W28,50,3638547,1.4,40,24,56,10,26,-6,1.1,0.67,1.53,0.3,0.73,-0.13
"USA-OH",2021 W29,57,3638363,1.6,42,26,58,15,31,-1,1.17,0.74,1.6,0.43,0.86,0
"USA-OH",2021 W30,57,3638179,1.6,32,16,48,25,41,9,0.87,0.44,1.3,0.73,1.16,0.3
"USA-OH",2021 W31,63,3637995,1.7,39,23,55,24,40,8,1.1,0.67,1.53,0.6,1.03,0.17
"USA-OH",2021 W32,44,3637811,1.2,35,19,51,9,25,-7,1,0.57,1.43,0.2,0.63,-0.23
"USA-OH",2021 W33,44,3637627,1.2,40,24,56,4,20,-12,1.1,0.67,1.53,0.1,0.53,-0.33
"USA-OH",2021 W34,50,3637443,1.4,36,20,52,14,30,-2,0.97,0.54,1.4,0.43,0.86,0
"USA-OH",2021 W35,54,3637258,1.5,42,26,58,12,28,-4,1.17,0.74,1.6,0.33,0.76,-0.1
"USA-OH",2021 W36,57,3637074,1.6,41,25,56,16,32,1,1.13,0.7,1.57,0.47,0.9,0.03
"USA-OH",2021 W37,80,3636890,2.2,41,25,56,39,55,24,1.13,0.7,1.57,1.07,1.5,0.63
"USA-OH",2021 W38,52,3636706,1.4,37,21,53,15,31,-1,1.07,0.64,1.5,0.33,0.76,-0.1
"USA-OH",2021 W39,50,3636522,1.4,41,25,57,9,25,-7,1.13,0.7,1.57,0.27,0.7,-0.17
"USA-OH",2021 W40,41,3636338,1.1,41,25,57,0,16,-16,1.13,0.7,1.57,-0.03,0.4,-0.47
"USA-OH",2021 W41,48,3636154,1.3,34,18,49,14,30,-1,0.93,0.5,1.37,0.37,0.8,-0.07
"USA-OH",2021 W42,52,3635970,1.4,38,22,54,14,30,-2,1.03,0.6,1.47,0.37,0.8,-0.07
"USA-OH",2021 W43,48,3635786,1.3,35,19,50,13,29,-2,0.93,0.5,1.37,0.37,0.8,-0.07
"USA-OH",2021 W44,63,3635601,1.7,32,16,47,31,47,16,0.87,0.44,1.3,0.83,1.26,0.4
"USA-OH",2021 W45,44,3635417,1.2,34,18,50,10,26,-6,0.93,0.5,1.37,0.27,0.7,-0.17
"USA-OH",2021 W46,52,3635233,1.4,35,19,51,17,33,1,1,0.57,1.43,0.4,0.83,-0.03
"USA-OH",2021 W47,64,3635049,1.8,37,21,52,27,43,12,1,0.57,1.43,0.8,1.23,0.37
"USA-OH",2021 W48,55,3634865,1.5,35,19,51,20,36,4,0.97,0.54,1.4,0.53,0.96,0.1
"USA-OH",2021 W49,42,3634681,1.2,38,22,54,4,20,-12,1.1,0.67,1.53,0.1,0.53,-0.33
"USA-OH",2021 W50,70,3634497,1.9,37,21,53,33,49,17,1.03,0.6,1.47,0.87,1.3,0.43
"USA-OH",2021 W51,60,3634313,1.7,29,13,44,31,47,16,0.8,0.37,1.23,0.9,1.33,0.47
"USA-OH",2021 W52,67,3634129,1.8,37,21,54,30,46,13,1.06,0.62,1.5,0.74,1.18,0.3
"USA-OH",2022 W01,60,3633945,1.7,35,18,51,25,42,9,0.96,0.52,1.4,0.74,1.18,0.3
"USA-OH",2022 W02,50,3633760,1.4,29,13,46,21,37,4,0.82,0.38,1.26,0.58,1.02,0.14
"USA-OH",2022 W03,46,3633576,1.3,31,14,47,15,32,-1,0.86,0.42,1.3,0.44,0.88,0
"USA-OH",2022 W04,33,3633392,0.9,37,20,53,-4,13,-20,1.02,0.58,1.46,-0.12,0.32,-0.56
"USA-OH",2022 W05,67,3633208,1.8,37,21,53,30,46,14,1.02,0.58,1.46,0.78,1.22,0.34
"USA-OH",2022 W06,45,3633024,1.2,32,15,48,13,30,-3,0.92,0.48,1.36,0.28,0.72,-0.16
"USA-OH",2022 W07,44,3632840,1.2,37,21,54,7,23,-10,1.02,0.58,1.46,0.18,0.62,-0.26
"USA-OH",2022 W08,45,3632656,1.2,37,21,54,8,24,-9,1.06,0.62,1.5,0.14,0.58,-0.3
"USA-OH",2022 W09,46,3632472,1.3,34,17,50,12,29,-4,0.96,0.52,1.4,0.34,0.78,-0.1
"USA-OH",2022 W10,45,3632288,1.2,30,13,46,15,32,-1,0.82,0.38,1.26,0.38,0.82,-0.06
"USA-OH",2022 W11,61,3632104,1.7,38,22,55,23,39,6,1.09,0.65,1.53,0.61,1.05,0.17
"USA-OH",2022 W12,54,3631920,1.5,29,13,46,25,41,8,0.82,0.38,1.26,0.68,1.12,0.24
"USA-OH",2022 W13,55,3631736,1.5,33,16,49,22,39,6,0.92,0.48,1.36,0.58,1.02,0.14
"USA-OH",2022 W14,40,3631552,1.1,33,17,50,7,23,-10,0.92,0.48,1.36,0.18,0.62,-0.26
"USA-OH",2022 W15,42,3631368,1.2,38,22,54,4,20,-12,1.06,0.62,1.5,0.14,0.58,-0.3
"USA-OH",2022 W16,45,3631183,1.2,31,15,47,14,30,-2,0.86,0.42,1.3,0.34,0.78,-0.1
"USA-OH",2022 W17,46,3630999,1.3,33,17,49,13,29,-3,0.92,0.48,1.36,0.38,0.82,-0.06
"USA-OH",2022 W18,55,3630815,1.5,25,8,41,30,47,14,0.69,0.25,1.13,0.81,1.25,0.37
"USA-OH",2022 W19,46,3630631,1.3,30,14,46,16,32,0,0.82,0.38,1.26,0.48,0.92,0.04
"USA-OH",2022 W20,44,3630447,1.2,36,20,52,8,24,-8,0.99,0.55,1.43,0.21,0.65,-0.23
"USA-OH",2022 W21,61,3630263,1.7,32,16,48,29,45,13,0.89,0.45,1.33,0.81,1.25,0.37
"USA-OH",2022 W22,50,3630079,1.4,45,29,62,5,21,-12,1.26,0.82,1.7,0.14,0.58,-0.3
"USA-OH",2022 W23,63,3629895,1.7,39,22,55,24,41,8,1.09,0.65,1.53,0.61,1.05,0.17
"USA-OH",2022 W24,48,3629711,1.3,44,28,60,4,20,-12,1.22,0.78,1.66,0.08,0.52,-0.36
"USA-OH",2022 W25,60,3629527,1.7,39,23,56,21,37,4,1.09,0.65,1.53,0.61,1.05,0.17
"USA-OH",2022 W26,46,3629343,1.3,40,23,56,6,23,-10,1.12,0.68,1.56,0.18,0.62,-0.26
"USA-OH",2022 W27,55,3629159,1.5,39,23,56,16,32,-1,1.09,0.65,1.53,0.41,0.85,-0.03
"USA-OH",2022 W28,48,3628975,1.3,36,19,52,12,29,-4,0.99,0.55,1.43,0.31,0.75,-0.13
"USA-OH",2022 W29,54,3628791,1.5,38,21,54,16,33,0,1.06,0.62,1.5,0.44,0.88,0
"USA-OH",2022 W30,66,3628606,1.8,28,11,44,38,55,22,0.76,0.32,1.2,1.04,1.48,0.6
"USA-OH",2022 W31,59,3628422,1.6,35,18,51,24,41,8,0.99,0.55,1.43,0.61,1.05,0.17
"USA-OH",2022 W32,55,3628238,1.5,31,14,47,24,41,8,0.89,0.45,1.33,0.61,1.05,0.17
"USA-OH",2022 W33,55,3628054,1.5,36,20,52,19,35,3,0.99,0.55,1.43,0.51,0.95,0.07
"USA-OH",2022 W34,58,3627870,1.6,32,15,48,26,43,10,0.86,0.42,1.3,0.74,1.18,0.3
"USA-OH",2022 W35,50,3627686,1.4,38,21,54,12,29,-4,1.06,0.62,1.5,0.34,0.78,-0.1
"USA-OH",2022 W36,50,3627502,1.4,36,20,53,14,30,-3,1.02,0.58,1.46,0.38,0.82,-0.06
"USA-OH",2022 W37,41,3627318,1.1,36,20,53,5,21,-12,1.02,0.58,1.46,0.08,0.52,-0.36
"USA-OH",2022 W38,51,3627134,1.4,33,17,49,18,34,2,0.96,0.52,1.4,0.44,0.88,0
"USA-OH",2022 W39,47,3626950,1.3,37,20,53,10,27,-6,1.02,0.58,1.46,0.28,0.72,-0.16
"USA-OH",2022 W40,51,3626766,1.4,37,21,53,14,30,-2,1.02,0.58,1.46,0.38,0.82,-0.06
"USA-OH",2022 W41,45,3626582,1.2,29,13,46,16,32,-1,0.82,0.38,1.26,0.38,0.82,-0.06
"USA-OH",2022 W42,76,3626398,2.1,34,17,50,42,59,26,0.92,0.48,1.36,1.18,1.62,0.74
"USA-OH",2022 W43,56,3626214,1.5,30,14,47,26,42,9,0.82,0.38,1.26,0.68,1.12,0.24
"USA-OH",2022 W44,48,3626029,1.3,27,11,44,21,37,4,0.76,0.32,1.2,0.54,0.98,0.1
"USA-OH",2022 W45,59,3625845,1.6,30,14,46,29,45,13,0.82,0.38,1.26,0.78,1.22,0.34
"USA-OH",2022 W46,41,3625661,1.1,31,15,47,10,26,-6,0.89,0.45,1.33,0.21,0.65,-0.23
"USA-OH",2022 W47,41,3625477,1.1,32,16,49,9,25,-8,0.89,0.45,1.33,0.21,0.65,-0.23
"USA-OH",2022 W48,51,3625293,1.4,31,15,47,20,36,4,0.86,0.42,1.3,0.54,0.98,0.1
"USA-OH",2022 W49,43,3625109,1.2,34,18,50,9,25,-7,0.99,0.55,1.43,0.21,0.65,-0.23
"USA-OH",2022 W50,54,3624925,1.5,33,16,49,21,38,5,0.92,0.48,1.36,0.58,1.02,0.14
"USA-OH",2022 W51,60,3624741,1.7,24,8,41,36,52,19,0.69,0.25,1.13,1.01,1.45,0.57
"USA-OH",2022 W52,52,3624557,1.4,33,16,50,19,36,2,0.95,0.49,1.4,0.45,0.91,0
"USA-OH",2023 W01,60,3624373,1.7,30,14,47,30,46,13,0.85,0.39,1.3,0.85,1.31,0.4
"USA-OH",2023 W02,44,3624189,1.2,25,8,42,19,36,2,0.71,0.26,1.17,0.49,0.94,0.03
"USA-OH",2023 W03,33,3624005,0.9,26,10,43,7,23,-10,0.75,0.29,1.2,0.15,0.61,-0.3
"USA-OH",2023 W04,57,3623821,1.6,32,16,49,25,41,8,0.91,0.46,1.37,0.69,1.14,0.23
"USA-OH",2023 W05,40,3623637,1.1,33,16,49,7,24,-9,0.91,0.46,1.37,0.19,0.64,-0.27
"USA-OH",2023 W06,38,3623452,1,27,11,44,11,27,-6,0.81,0.36,1.27,0.19,0.64,-0.27
"USA-OH",2023 W07,53,3623268,1.5,33,16,50,20,37,3,0.91,0.46,1.37,0.59,1.04,0.13
"USA-OH",2023 W08,45,3623084,1.2,33,16,50,12,29,-5,0.95,0.49,1.4,0.25,0.71,-0.2
"USA-OH",2023 W09,52,3622900,1.4,29,13,46,23,39,6,0.85,0.39,1.3,0.55,1.01,0.1
"USA-OH",2023 W10,50,3622716,1.4,25,9,42,25,41,8,0.71,0.26,1.17,0.69,1.14,0.23
"USA-OH",2023 W11,45,3622532,1.2,34,17,51,11,28,-6,0.98,0.53,1.43,0.22,0.67,-0.23
"USA-OH",2023 W12,50,3622348,1.4,25,8,42,25,42,8,0.71,0.26,1.17,0.69,1.14,0.23
"USA-OH",2023 W13,45,3622164,1.2,28,12,45,17,33,0,0.81,0.36,1.27,0.39,0.84,-0.07
"USA-OH",2023 W14,40,3621980,1.1,29,12,46,11,28,-6,0.81,0.36,1.27,0.29,0.74,-0.17
"USA-OH",2023 W15,67,3621796,1.8,34,17,50,33,50,17,0.95,0.49,1.4,0.85,1.31,0.4
"USA-OH",2023 W16,49,3621612,1.4,27,10,43,22,39,6,0.75,0.29,1.2,0.65,1.11,0.2
"USA-OH",2023 W17,46,3621428,1.3,29,12,45,17,34,1,0.81,0.36,1.27,0.49,0.94,0.03
"USA-OH",2023 W18,46,3621244,1.3,20,4,37,26,42,9,0.58,0.13,1.03,0.72,1.17,0.27
"USA-OH",2023 W19,44,3621060,1.2,26,9,42,18,35,2,0.71,0.26,1.17,0.49,0.94,0.03
"USA-OH",2023 W20,42,3620875,1.2,32,15,48,10,27,-6,0.88,0.43,1.33,0.32,0.77,-0.13
"USA-OH",2023 W21,44,3620691,1.2,28,11,44,16,33,0,0.78,0.33,1.23,0.42,0.87,-0.03
"USA-OH",2023 W22,63,3620507,1.7,41,24,58,22,39,5,1.15,0.69,1.6,0.55,1.01,0.1
"USA-OH",2023 W23,41,3620323,1.1,34,18,51,7,23,-10,0.98,0.53,1.43,0.12,0.57,-0.33
"USA-OH",2023 W24,43,3620139,1.2,40,23,56,3,20,-13,1.11,0.66,1.57,0.09,0.54,-0.37
"USA-OH",2023 W25,41,3619955,1.1,35,18,52,6,23,-11,0.98,0.53,1.43,0.12,0.57,-0.33
"USA-OH",2023 W26,44,3619771,1.2,35,19,52,9,25,-8,1.01,0.56,1.47,0.19,0.64,-0.27
"USA-OH",2023 W27,53,3619587,1.5,35,18,52,18,35,1,0.98,0.53,1.43,0.52,0.97,0.07
"USA-OH",2023 W28,35,3619403,1,31,15,48,4,20,-13,0.88,0.43,1.33,0.12,0.57,-0.33
"USA-PA",2017 W01,46,3835449,1.2,49,32,66,-3,14,-20,1.26,0.82,1.7,-0.06,0.38,-0.5
"USA-PA",2017 W02,58,3834962,1.5,50,34,67,8,24,-9,1.33,0.89,1.77,0.17,0.61,-0.27
"USA-PA",2017 W03,51,3834475,1.3,49,33,66,2,18,-15,1.26,0.82,1.7,0.04,0.48,-0.4
"USA-PA",2017 W04,56,3833988,1.5,53,36,70,3,20,-14,1.43,0.99,1.87,0.07,0.51,-0.37
"USA-PA",2017 W05,56,3833501,1.5,53,36,70,3,20,-14,1.39,0.95,1.83,0.11,0.55,-0.33
"USA-PA",2017 W06,53,3833014,1.4,45,29,62,8,24,-9,1.19,0.75,1.63,0.21,0.65,-0.23
"USA-PA",2017 W07,42,3832527,1.1,52,35,69,-10,7,-27,1.36,0.92,1.8,-0.26,0.18,-0.7
"USA-PA",2017 W08,54,3832040,1.4,52,35,69,2,19,-15,1.36,0.92,1.8,0.04,0.48,-0.4
"USA-PA",2017 W09,47,3831553,1.2,48,32,65,-1,15,-18,1.26,0.82,1.7,-0.06,0.38,-0.5
"USA-PA",2017 W10,63,3831066,1.6,55,38,72,8,25,-9,1.43,0.99,1.87,0.17,0.61,-0.27
"USA-PA",2017 W11,54,3830579,1.4,48,31,65,6,23,-11,1.26,0.82,1.7,0.14,0.58,-0.3
"USA-PA",2017 W12,57,3830092,1.5,58,41,75,-1,16,-18,1.53,1.09,1.97,-0.03,0.41,-0.47
"USA-PA",2017 W13,46,3829605,1.2,45,28,62,1,18,-16,1.19,0.75,1.63,0.01,0.45,-0.43
"USA-PA",2017 W14,57,3829118,1.5,49,32,66,8,25,-9,1.29,0.85,1.73,0.21,0.65,-0.23
"USA-PA",2017 W15,62,3828631,1.6,54,38,71,8,24,-9,1.43,0.99,1.87,0.17,0.61,-0.27
"USA-PA",2017 W16,60,3828144,1.6,53,36,70,7,24,-10,1.39,0.95,1.83,0.21,0.65,-0.23
"USA-PA",2017 W17,69,3827657,1.8,59,42,76,10,27,-7,1.53,1.09,1.97,0.27,0.71,-0.17
"USA-PA",2017 W18,49,3827170,1.3,48,32,65,1,17,-16,1.26,0.82,1.7,0.04,0.48,-0.4
"USA-PA",2017 W19,41,3826683,1.1,50,33,67,-9,8,-26,1.29,0.85,1.73,-0.19,0.25,-0.63
"USA-PA",2017 W20,60,3826196,1.6,53,36,70,7,24,-10,1.39,0.95,1.83,0.21,0.65,-0.23
"USA-PA",2017 W21,49,3825709,1.3,52,35,69,-3,14,-20,1.36,0.92,1.8,-0.06,0.38,-0.5
"USA-PA",2017 W22,63,3825222,1.6,53,37,70,10,26,-7,1.39,0.95,1.83,0.21,0.65,-0.23
"USA-PA",2017 W23,56,3824735,1.5,52,35,69,4,21,-13,1.36,0.92,1.8,0.14,0.58,-0.3
"USA-PA",2017 W24,60,3824248,1.6,59,42,76,1,18,-16,1.56,1.12,2,0.04,0.48,-0.4
"USA-PA",2017 W25,66,3823761,1.7,59,42,76,7,24,-10,1.56,1.12,2,0.14,0.58,-0.3
"USA-PA",2017 W26,41,3823274,1.1,49,32,66,-8,9,-25,1.29,0.85,1.73,-0.19,0.25,-0.63
"USA-PA",2017 W27,50,3822786,1.3,54,37,71,-4,13,-21,1.43,0.99,1.87,-0.13,0.31,-0.57
"USA-PA",2017 W28,58,3822299,1.5,57,40,74,1,18,-16,1.49,1.05,1.93,0.01,0.45,-0.43
"USA-PA",2017 W29,57,3821812,1.5,55,38,72,2,19,-15,1.43,0.99,1.87,0.07,0.51,-0.37
"USA-PA",2017 W30,51,3821325,1.3,51,34,68,0,17,-17,1.33,0.89,1.77,-0.03,0.41,-0.47
"USA-PA",2017 W31,44,3820838,1.2,45,28,62,-1,16,-18,1.16,0.72,1.6,0.04,0.48,-0.4
"USA-PA",2017 W32,59,3820351,1.5,48,32,65,11,27,-6,1.26,0.82,1.7,0.24,0.68,-0.2
"USA-PA",2017 W33,56,3819864,1.5,58,41,75,-2,15,-19,1.53,1.09,1.97,-0.03,0.41,-0.47
"USA-PA",2017 W34,49,3819377,1.3,53,36,70,-4,13,-21,1.39,0.95,1.83,-0.09,0.35,-0.53
"USA-PA",2017 W35,39,3818890,1,50,33,67,-11,6,-28,1.33,0.89,1.77,-0.33,0.11,-0.77
"USA-PA",2017 W36,41,3818403,1.1,48,31,65,-7,10,-24,1.26,0.82,1.7,-0.16,0.28,-0.6
"USA-PA",2017 W37,58,3817916,1.5,49,32,66,9,26,-8,1.26,0.82,1.7,0.24,0.68,-0.2
"USA-PA",2017 W38,57,3817429,1.5,48,31,65,9,26,-8,1.26,0.82,1.7,0.24,0.68,-0.2
"USA-PA",2017 W39,51,3816942,1.3,49,32,66,2,19,-15,1.26,0.82,1.7,0.04,0.48,-0.4
"USA-PA",2017 W40,43,3816455,1.1,49,33,66,-6,10,-23,1.29,0.85,1.73,-0.19,0.25,-0.63
"USA-PA",2017 W41,48,3815968,1.3,44,27,61,4,21,-13,1.16,0.72,1.6,0.14,0.58,-0.3
"USA-PA",2017 W42,48,3815481,1.3,57,40,74,-9,8,-26,1.53,1.09,1.97,-0.23,0.21,-0.67
"USA-PA",2017 W43,36,3814994,0.9,49,33,66,-13,3,-30,1.29,0.85,1.73,-0.39,0.05,-0.83
"USA-PA",2017 W44,58,3814507,1.5,58,41,75,0,17,-17,1.53,1.09,1.97,-0.03,0.41,-0.47
"USA-PA",2017 W45,50,3814020,1.3,58,42,75,-8,8,-25,1.53,1.09,1.97,-0.23,0.21,-0.67
"USA-PA",2017 W46,39,3813533,1,47,31,64,-8,8,-25,1.23,0.79,1.67,-0.23,0.21,-0.67
"USA-PA",2017 W47,38,3813046,1,44,27,61,-6,11,-23,1.16,0.72,1.6,-0.16,0.28,-0.6
"USA-PA",2017 W48,58,3812559,1.5,51,35,68,7,23,-10,1.36,0.92,1.8,0.14,0.58,-0.3
"USA-PA",2017 W49,49,3812072,1.3,50,34,67,-1,15,-18,1.33,0.89,1.77,-0.03,0.41,-0.47
"USA-PA",2017 W50,50,3811585,1.3,52,35,69,-2,15,-19,1.33,0.89,1.77,-0.03,0.41,-0.47
"USA-PA",2017 W51,55,3811098,1.4,51,34,68,4,21,-13,1.29,0.85,1.73,0.11,0.55,-0.33
"USA-PA",2017 W52,58,3810611,1.5,46,30,63,12,28,-5,1.23,0.79,1.67,0.27,0.71,-0.17
"USA-PA",2018 W01,47,3810024,1.2,45,28,62,2,19,-15,1.17,0.73,1.61,0.03,0.47,-0.41
"USA-PA",2018 W02,40,3809303,1.1,47,30,63,-7,10,-23,1.23,0.79,1.67,-0.13,0.31,-0.57
"USA-PA",2018 W03,47,3808582,1.2,46,29,62,1,18,-15,1.17,0.73,1.61,0.03,0.47,-0.41
"USA-PA",2018 W04,48,3807861,1.3,49,33,66,-1,15,-18,1.33,0.89,1.77,-0.03,0.41,-0.47
"USA-PA",2018 W05,53,3807139,1.4,49,33,66,4,20,-13,1.3,0.86,1.74,0.1,0.54,-0.34
"USA-PA",2018 W06,38,3806418,1,42,25,58,-4,13,-20,1.1,0.66,1.54,-0.1,0.34,-0.54
"USA-PA",2018 W07,49,3805697,1.3,48,31,65,1,18,-16,1.27,0.83,1.71,0.03,0.47,-0.41
"USA-PA",2018 W08,47,3804976,1.2,48,32,65,-1,15,-18,1.27,0.83,1.71,-0.07,0.37,-0.51
"USA-PA",2018 W09,35,3804255,0.9,45,28,61,-10,7,-26,1.17,0.73,1.61,-0.27,0.17,-0.71
"USA-PA",2018 W10,39,3803534,1,51,35,68,-12,4,-29,1.33,0.89,1.77,-0.33,0.11,-0.77
"USA-PA",2018 W11,33,3802813,0.9,44,27,61,-11,6,-28,1.17,0.73,1.61,-0.27,0.17,-0.71
"USA-PA",2018 W12,54,3802091,1.4,54,38,71,0,16,-17,1.43,0.99,1.87,-0.03,0.41,-0.47
"USA-PA",2018 W13,44,3801370,1.2,41,24,58,3,20,-14,1.1,0.66,1.54,0.1,0.54,-0.34
"USA-PA",2018 W14,45,3800649,1.2,45,29,62,0,16,-17,1.2,0.76,1.64,0,0.44,-0.44
"USA-PA",2018 W15,44,3799928,1.2,51,34,67,-7,10,-23,1.33,0.89,1.77,-0.13,0.31,-0.57
"USA-PA",2018 W16,41,3799207,1.1,49,32,66,-8,9,-25,1.3,0.86,1.74,-0.2,0.24,-0.64
"USA-PA",2018 W17,43,3798486,1.1,55,38,72,-12,5,-29,1.43,0.99,1.87,-0.33,0.11,-0.77
"USA-PA",2018 W18,46,3797765,1.2,45,28,61,1,18,-15,1.17,0.73,1.61,0.03,0.47,-0.41
"USA-PA",2018 W19,46,3797044,1.2,46,29,63,0,17,-17,1.2,0.76,1.64,0,0.44,-0.44
"USA-PA",2018 W20,45,3796322,1.2,49,33,66,-4,12,-21,1.3,0.86,1.74,-0.1,0.34,-0.54
"USA-PA",2018 W21,44,3795601,1.2,48,31,65,-4,13,-21,1.27,0.83,1.71,-0.07,0.37,-0.51
"USA-PA",2018 W22,53,3794880,1.4,50,33,66,3,20,-13,1.3,0.86,1.74,0.1,0.54,-0.34
"USA-PA",2018 W23,46,3794159,1.2,48,32,65,-2,14,-19,1.27,0.83,1.71,-0.07,0.37,-0.51
"USA-PA",2018 W24,52,3793438,1.4,55,38,72,-3,14,-20,1.47,1.03,1.91,-0.07,0.37,-0.51
"USA-PA",2018 W25,52,3792717,1.4,55,39,72,-3,13,-20,1.47,1.03,1.91,-0.07,0.37,-0.51
"USA-PA",2018 W26,44,3791996,1.2,45,29,62,-1,15,-18,1.2,0.76,1.64,0,0.44,-0.44
"USA-PA",2018 W27,57,3791274,1.5,50,34,67,7,23,-10,1.33,0.89,1.77,0.17,0.61,-0.27
"USA-PA",2018 W28,59,3790553,1.6,53,37,70,6,22,-11,1.4,0.96,1.84,0.2,0.64,-0.24
"USA-PA",2018 W29,39,3789832,1,51,34,68,-12,5,-29,1.33,0.89,1.77,-0.33,0.11,-0.77
"USA-PA",2018 W30,50,3789111,1.3,47,31,64,3,19,-14,1.23,0.79,1.67,0.07,0.51,-0.37
"USA-PA",2018 W31,39,3788390,1,41,24,58,-2,15,-19,1.07,0.63,1.51,-0.07,0.37,-0.51
"USA-PA",2018 W32,42,3787669,1.1,45,28,61,-3,14,-19,1.17,0.73,1.61,-0.07,0.37,-0.51
"USA-PA",2018 W33,49,3786948,1.3,54,38,71,-5,11,-22,1.43,0.99,1.87,-0.13,0.31,-0.57
"USA-PA",2018 W34,52,3786227,1.4,49,32,66,3,20,-14,1.3,0.86,1.74,0.1,0.54,-0.34
"USA-PA",2018 W35,55,3785505,1.5,46,29,63,9,26,-8,1.23,0.79,1.67,0.27,0.71,-0.17
"USA-PA",2018 W36,43,3784784,1.1,44,28,61,-1,15,-18,1.17,0.73,1.61,-0.07,0.37,-0.51
"USA-PA",2018 W37,38,3784063,1,45,29,62,-7,9,-24,1.17,0.73,1.61,-0.17,0.27,-0.61
"USA-PA",2018 W38,43,3783342,1.1,44,28,61,-1,15,-18,1.17,0.73,1.61,-0.07,0.37,-0.51
"USA-PA",2018 W39,46,3782621,1.2,45,28,62,1,18,-16,1.17,0.73,1.61,0.03,0.47,-0.41
"USA-PA",2018 W40,55,3781900,1.5,46,29,62,9,26,-7,1.2,0.76,1.64,0.3,0.74,-0.14
"USA-PA",2018 W41,38,3781179,1,40,23,57,-2,15,-19,1.07,0.63,1.51,-0.07,0.37,-0.51
"USA-PA",2018 W42,55,3780457,1.5,53,36,70,2,19,-15,1.43,0.99,1.87,0.07,0.51,-0.37
"USA-PA",2018 W43,56,3779736,1.5,46,29,62,10,27,-6,1.2,0.76,1.64,0.3,0.74,-0.14
"USA-PA",2018 W44,56,3779015,1.5,54,37,71,2,19,-15,1.43,0.99,1.87,0.07,0.51,-0.37
"USA-PA",2018 W45,58,3778294,1.5,55,38,71,3,20,-13,1.43,0.99,1.87,0.07,0.51,-0.37
"USA-PA",2018 W46,34,3777573,0.9,44,27,60,-10,7,-26,1.13,0.69,1.57,-0.23,0.21,-0.67
"USA-PA",2018 W47,42,3776852,1.1,40,24,57,2,18,-15,1.07,0.63,1.51,0.03,0.47,-0.41
"USA-PA",2018 W48,40,3776131,1.1,48,31,64,-8,9,-24,1.27,0.83,1.71,-0.17,0.27,-0.61
"USA-PA",2018 W49,39,3775409,1,47,30,63,-8,9,-24,1.23,0.79,1.67,-0.23,0.21,-0.67
"USA-PA",2018 W50,46,3774688,1.2,48,31,65,-2,15,-19,1.23,0.79,1.67,-0.03,0.41,-0.47
"USA-PA",2018 W51,43,3773967,1.1,47,30,64,-4,13,-21,1.2,0.76,1.64,-0.1,0.34,-0.54
"USA-PA",2018 W52,37,3773246,1,43,26,59,-6,11,-22,1.13,0.69,1.57,-0.13,0.31,-0.57
"USA-PA",2019 W01,42,3773209,1.1,41,24,58,1,18,-16,1.07,0.63,1.51,0.03,0.47,-0.41
"USA-PA",2019 W02,42,3774677,1.1,43,26,60,-1,16,-18,1.14,0.7,1.58,-0.04,0.4,-0.48
"USA-PA",2019 W03,39,3776190,1,42,25,59,-3,14,-20,1.07,0.63,1.51,-0.07,0.37,-0.51
"USA-PA",2019 W04,44,3777703,1.2,46,29,62,-2,15,-18,1.24,0.8,1.68,-0.04,0.4,-0.48
"USA-PA",2019 W05,39,3779217,1,46,29,62,-7,10,-23,1.21,0.77,1.65,-0.21,0.23,-0.65
"USA-PA",2019 W06,34,3780730,0.9,38,21,55,-4,13,-21,1.01,0.57,1.45,-0.11,0.33,-0.55
"USA-PA",2019 W07,53,3782243,1.4,44,27,61,9,26,-8,1.17,0.73,1.61,0.23,0.67,-0.21
"USA-PA",2019 W08,44,3783757,1.2,45,28,61,-1,16,-17,1.17,0.73,1.61,0.03,0.47,-0.41
"USA-PA",2019 W09,52,3785270,1.4,41,24,58,11,28,-6,1.07,0.63,1.51,0.33,0.77,-0.11
"USA-PA",2019 W10,52,3786783,1.4,48,31,64,4,21,-12,1.24,0.8,1.68,0.16,0.6,-0.28
"USA-PA",2019 W11,45,3788296,1.2,40,23,57,5,22,-12,1.07,0.63,1.51,0.13,0.57,-0.31
"USA-PA",2019 W12,52,3789810,1.4,51,34,67,1,18,-15,1.34,0.9,1.78,0.06,0.5,-0.38
"USA-PA",2019 W13,33,3791323,0.9,37,20,54,-4,13,-21,1.01,0.57,1.45,-0.11,0.33,-0.55
"USA-PA",2019 W14,34,3792836,0.9,42,25,58,-8,9,-24,1.11,0.67,1.55,-0.21,0.23,-0.65
"USA-PA",2019 W15,46,3794350,1.2,47,30,64,-1,16,-18,1.24,0.8,1.68,-0.04,0.4,-0.48
"USA-PA",2019 W16,46,3795863,1.2,45,28,62,1,18,-16,1.21,0.77,1.65,-0.01,0.43,-0.45
"USA-PA",2019 W17,53,3797376,1.4,51,34,68,2,19,-15,1.34,0.9,1.78,0.06,0.5,-0.38
"USA-PA",2019 W18,39,3798890,1,41,24,58,-2,15,-19,1.07,0.63,1.51,-0.07,0.37,-0.51
"USA-PA",2019 W19,51,3800403,1.3,42,25,59,9,26,-8,1.11,0.67,1.55,0.19,0.63,-0.25
"USA-PA",2019 W20,43,3801916,1.1,46,29,62,-3,14,-19,1.21,0.77,1.65,-0.11,0.33,-0.55
"USA-PA",2019 W21,51,3803429,1.3,44,27,61,7,24,-10,1.17,0.73,1.61,0.13,0.57,-0.31
"USA-PA",2019 W22,33,3804943,0.9,46,29,63,-13,4,-30,1.21,0.77,1.65,-0.31,0.13,-0.75
"USA-PA",2019 W23,43,3806456,1.1,45,28,61,-2,15,-18,1.17,0.73,1.61,-0.07,0.37,-0.51
"USA-PA",2019 W24,53,3807969,1.4,51,34,68,2,19,-15,1.37,0.93,1.81,0.03,0.47,-0.41
"USA-PA",2019 W25,48,3809483,1.3,52,35,68,-4,13,-20,1.37,0.93,1.81,-0.07,0.37,-0.51
"USA-PA",2019 W26,51,3810996,1.3,42,25,58,9,26,-7,1.11,0.67,1.55,0.19,0.63,-0.25
"USA-PA",2019 W27,44,3812509,1.2,47,30,63,-3,14,-19,1.24,0.8,1.68,-0.04,0.4,-0.48
"USA-PA",2019 W28,43,3814023,1.1,50,33,66,-7,10,-23,1.31,0.87,1.75,-0.21,0.23,-0.65
"USA-PA",2019 W29,57,3815536,1.5,47,30,64,10,27,-7,1.24,0.8,1.68,0.26,0.7,-0.18
"USA-PA",2019 W30,41,3817049,1.1,44,27,60,-3,14,-19,1.14,0.7,1.58,-0.04,0.4,-0.48
"USA-PA",2019 W31,40,3818562,1,37,20,54,3,20,-14,0.97,0.53,1.41,0.03,0.47,-0.41
"USA-PA",2019 W32,33,3820076,0.9,41,24,58,-8,9,-25,1.07,0.63,1.51,-0.17,0.27,-0.61
"USA-PA",2019 W33,58,3821589,1.5,51,34,67,7,24,-9,1.34,0.9,1.78,0.16,0.6,-0.28
"USA-PA",2019 W34,46,3823102,1.2,45,28,62,1,18,-16,1.21,0.77,1.65,-0.01,0.43,-0.45
"USA-PA",2019 W35,44,3824616,1.2,42,25,59,2,19,-15,1.14,0.7,1.58,0.06,0.5,-0.38
"USA-PA",2019 W36,49,3826129,1.3,41,24,57,8,25,-8,1.07,0.63,1.51,0.23,0.67,-0.21
"USA-PA",2019 W37,40,3827642,1,42,25,58,-2,15,-18,1.07,0.63,1.51,-0.07,0.37,-0.51
"USA-PA",2019 W38,33,3829156,0.9,41,24,57,-8,9,-24,1.07,0.63,1.51,-0.17,0.27,-0.61
"USA-PA",2019 W39,38,3830669,1,41,24,58,-3,14,-20,1.07,0.63,1.51,-0.07,0.37,-0.51
"USA-PA",2019 W40,39,3832182,1,42,25,59,-3,14,-20,1.11,0.67,1.55,-0.11,0.33,-0.55
"USA-PA",2019 W41,34,3833696,0.9,36,19,53,-2,15,-19,0.97,0.53,1.41,-0.07,0.37,-0.51
"USA-PA",2019 W42,56,3835209,1.5,49,32,66,7,24,-10,1.34,0.9,1.78,0.16,0.6,-0.28
"USA-PA",2019 W43,45,3836722,1.2,42,25,59,3,20,-14,1.11,0.67,1.55,0.09,0.53,-0.35
"USA-PA",2019 W44,48,3838235,1.3,50,33,67,-2,15,-19,1.34,0.9,1.78,-0.04,0.4,-0.48
"USA-PA",2019 W45,56,3839749,1.5,51,34,68,5,22,-12,1.34,0.9,1.78,0.16,0.6,-0.28
"USA-PA",2019 W46,58,3841262,1.5,40,23,57,18,35,1,1.04,0.6,1.48,0.46,0.9,0.02
"USA-PA",2019 W47,41,3842775,1.1,37,20,53,4,21,-12,0.97,0.53,1.41,0.13,0.57,-0.31
"USA-PA",2019 W48,45,3844289,1.2,44,27,61,1,18,-16,1.17,0.73,1.61,0.03,0.47,-0.41
"USA-PA",2019 W49,52,3845802,1.4,43,26,60,9,26,-8,1.14,0.7,1.58,0.26,0.7,-0.18
"USA-PA",2019 W50,48,3847315,1.2,44,27,61,4,21,-13,1.14,0.7,1.58,0.06,0.5,-0.38
"USA-PA",2019 W51,43,3848829,1.1,43,26,60,0,17,-17,1.11,0.67,1.55,-0.01,0.43,-0.45
"USA-PA",2019 W52,33,3850342,0.9,39,22,56,-6,11,-23,1.04,0.6,1.48,-0.14,0.3,-0.58
"USA-PA",2020 W01,43,3851579,1.1,37,21,54,6,22,-11,0.98,0.54,1.43,0.12,0.56,-0.33
"USA-PA",2020 W02,44,3851820,1.1,39,22,56,5,22,-12,1.05,0.6,1.49,0.05,0.5,-0.39
"USA-PA",2020 W03,50,3851978,1.3,38,21,55,12,29,-5,0.98,0.54,1.43,0.32,0.76,-0.13
"USA-PA",2020 W04,34,3852136,0.9,42,25,59,-8,9,-25,1.15,0.7,1.59,-0.25,0.2,-0.69
"USA-PA",2020 W05,46,3852295,1.2,42,25,59,4,21,-13,1.11,0.67,1.56,0.09,0.53,-0.36
"USA-PA",2020 W06,37,3852453,1,34,17,51,3,20,-14,0.91,0.47,1.36,0.09,0.53,-0.36
"USA-PA",2020 W07,40,3852611,1,40,24,57,0,16,-17,1.08,0.64,1.53,-0.08,0.36,-0.53
"USA-PA",2020 W08,38,3852769,1,41,24,58,-3,14,-20,1.08,0.64,1.53,-0.08,0.36,-0.53
"USA-PA",2020 W09,46,3852928,1.2,37,20,54,9,26,-8,0.98,0.54,1.43,0.22,0.66,-0.23
"USA-PA",2020 W10,34,3853086,0.9,44,27,61,-10,7,-27,1.15,0.7,1.59,-0.25,0.2,-0.69
"USA-PA",2020 W11,44,3853244,1.1,36,20,53,8,24,-9,0.98,0.54,1.43,0.12,0.56,-0.33
"USA-PA",2020 W12,43,3853403,1.1,47,30,64,-4,13,-21,1.25,0.8,1.69,-0.15,0.3,-0.59
"USA-PA",2020 W13,42,3853561,1.1,33,17,50,9,25,-8,0.91,0.47,1.36,0.19,0.63,-0.26
"USA-PA",2020 W14,41,3853719,1.1,38,21,55,3,20,-14,1.01,0.57,1.46,0.09,0.53,-0.36
"USA-PA",2020 W15,44,3853877,1.1,43,26,60,1,18,-16,1.15,0.7,1.59,-0.05,0.4,-0.49
"USA-PA",2020 W16,34,3854036,0.9,41,25,58,-7,9,-24,1.11,0.67,1.56,-0.21,0.23,-0.66
"USA-PA",2020 W17,39,3854194,1,47,31,64,-8,8,-25,1.25,0.8,1.69,-0.25,0.2,-0.69
"USA-PA",2020 W18,43,3854352,1.1,37,20,54,6,23,-11,0.98,0.54,1.43,0.12,0.56,-0.33
"USA-PA",2020 W19,42,3854510,1.1,38,22,55,4,20,-13,1.01,0.57,1.46,0.09,0.53,-0.36
"USA-PA",2020 W20,36,3854669,0.9,42,25,59,-6,11,-23,1.11,0.67,1.56,-0.21,0.23,-0.66
"USA-PA",2020 W21,44,3854827,1.1,40,24,57,4,20,-13,1.08,0.64,1.53,0.02,0.46,-0.43
"USA-PA",2020 W22,53,3854985,1.4,42,25,59,11,28,-6,1.11,0.67,1.56,0.29,0.73,-0.16
"USA-PA",2020 W23,43,3855143,1.1,41,24,58,2,19,-15,1.08,0.64,1.53,0.02,0.46,-0.43
"USA-PA",2020 W24,46,3855302,1.2,47,31,64,-1,15,-18,1.28,0.84,1.73,-0.08,0.36,-0.53
"USA-PA",2020 W25,43,3855460,1.1,48,31,65,-5,12,-22,1.28,0.84,1.73,-0.18,0.26,-0.63
"USA-PA",2020 W26,48,3855618,1.2,38,21,55,10,27,-7,1.01,0.57,1.46,0.19,0.63,-0.26
"USA-PA",2020 W27,48,3855776,1.2,43,26,60,5,22,-12,1.15,0.7,1.59,0.05,0.5,-0.39
"USA-PA",2020 W28,57,3855935,1.5,46,29,63,11,28,-6,1.21,0.77,1.66,0.29,0.73,-0.16
"USA-PA",2020 W29,52,3856093,1.3,43,27,60,9,25,-8,1.15,0.7,1.59,0.15,0.6,-0.29
"USA-PA",2020 W30,44,3856251,1.1,40,23,57,4,21,-13,1.05,0.6,1.49,0.05,0.5,-0.39
"USA-PA",2020 W31,48,3856410,1.2,33,17,50,15,31,-2,0.88,0.44,1.33,0.32,0.76,-0.13
"USA-PA",2020 W32,46,3856568,1.2,37,20,54,9,26,-8,0.98,0.54,1.43,0.22,0.66,-0.23
"USA-PA",2020 W33,42,3856726,1.1,47,30,64,-5,12,-22,1.25,0.8,1.69,-0.15,0.3,-0.59
"USA-PA",2020 W34,47,3856884,1.2,41,25,58,6,22,-11,1.11,0.67,1.56,0.09,0.53,-0.36
"USA-PA",2020 W35,52,3857043,1.3,38,22,55,14,30,-3,1.05,0.6,1.49,0.25,0.7,-0.19
"USA-PA",2020 W36,57,3857201,1.5,37,20,54,20,37,3,0.98,0.54,1.43,0.52,0.96,0.07
"USA-PA",2020 W37,44,3857359,1.1,38,21,55,6,23,-11,0.98,0.54,1.43,0.12,0.56,-0.33
"USA-PA",2020 W38,46,3857517,1.2,37,20,54,9,26,-8,0.98,0.54,1.43,0.22,0.66,-0.23
"USA-PA",2020 W39,47,3857676,1.2,37,21,54,10,26,-7,0.98,0.54,1.43,0.22,0.66,-0.23
"USA-PA",2020 W40,35,3857834,0.9,38,21,55,-3,14,-20,1.01,0.57,1.46,-0.11,0.33,-0.56
"USA-PA",2020 W41,64,3857992,1.7,32,16,49,32,48,15,0.88,0.44,1.33,0.82,1.26,0.37
"USA-PA",2020 W42,53,3858150,1.4,45,29,62,8,24,-9,1.25,0.8,1.69,0.15,0.6,-0.29
"USA-PA",2020 W43,42,3858309,1.1,38,21,55,4,21,-13,1.01,0.57,1.46,0.09,0.53,-0.36
"USA-PA",2020 W44,36,3858467,0.9,46,30,63,-10,6,-27,1.25,0.8,1.69,-0.35,0.1,-0.79
"USA-PA",2020 W45,56,3858625,1.5,47,30,64,9,26,-8,1.25,0.8,1.69,0.25,0.7,-0.19
"USA-PA",2020 W46,41,3858784,1.1,36,19,53,5,22,-12,0.95,0.5,1.39,0.15,0.6,-0.29
"USA-PA",2020 W47,46,3858942,1.2,33,16,50,13,30,-4,0.88,0.44,1.33,0.32,0.76,-0.13
"USA-PA",2020 W48,41,3859100,1.1,40,23,57,1,18,-16,1.08,0.64,1.53,0.02,0.46,-0.43
"USA-PA",2020 W49,58,3859258,1.5,39,22,56,19,36,2,1.05,0.6,1.49,0.45,0.9,0.01
"USA-PA",2020 W50,49,3859417,1.3,40,24,57,9,25,-8,1.05,0.6,1.49,0.25,0.7,-0.19
"USA-PA",2020 W51,42,3859575,1.1,39,23,56,3,19,-14,1.01,0.57,1.46,0.09,0.53,-0.36
"USA-PA",2020 W52,57,3859733,1.5,35,18,52,22,39,5,0.95,0.5,1.39,0.55,1,0.11
"USA-PA",2020 W53,52,3859889,1.3,34,16,51,18,36,1,0.89,0.43,1.34,0.41,0.87,-0.04
"USA-PA",2021 W01,58,3860013,1.5,35,18,53,23,40,5,0.95,0.5,1.41,0.55,1,0.09
"USA-PA",2021 W02,42,3860129,1.1,34,17,52,8,25,-10,0.89,0.43,1.34,0.21,0.67,-0.24
"USA-PA",2021 W03,44,3860245,1.1,38,21,55,6,23,-11,1.05,0.6,1.51,0.05,0.5,-0.41
"USA-PA",2021 W04,53,3860361,1.4,38,21,55,15,32,-2,1.02,0.57,1.47,0.38,0.83,-0.07
"USA-PA",2021 W05,46,3860477,1.2,30,13,48,16,33,-2,0.82,0.37,1.27,0.38,0.83,-0.07
"USA-PA",2021 W06,39,3860593,1,37,19,54,2,20,-15,0.99,0.53,1.44,0.01,0.47,-0.44
"USA-PA",2021 W07,36,3860709,0.9,37,20,54,-1,16,-18,0.99,0.53,1.44,-0.09,0.37,-0.54
"USA-PA",2021 W08,42,3860825,1.1,33,16,51,9,26,-9,0.89,0.43,1.34,0.21,0.67,-0.24
"USA-PA",2021 W09,43,3860941,1.1,40,23,57,3,20,-14,1.05,0.6,1.51,0.05,0.5,-0.41
"USA-PA",2021 W10,58,3861057,1.5,33,15,50,25,43,8,0.89,0.43,1.34,0.61,1.07,0.16
"USA-PA",2021 W11,50,3861173,1.3,43,26,60,7,24,-10,1.15,0.7,1.61,0.15,0.6,-0.31
"USA-PA",2021 W12,40,3861289,1,30,12,47,10,28,-7,0.82,0.37,1.27,0.18,0.63,-0.27
"USA-PA",2021 W13,37,3861405,1,34,17,51,3,20,-14,0.92,0.47,1.37,0.08,0.53,-0.37
"USA-PA",2021 W14,55,3861521,1.4,39,22,57,16,33,-2,1.05,0.6,1.51,0.35,0.8,-0.11
"USA-PA",2021 W15,42,3861637,1.1,38,20,55,4,22,-13,1.02,0.57,1.47,0.08,0.53,-0.37
"USA-PA",2021 W16,56,3861753,1.5,44,26,61,12,30,-5,1.15,0.7,1.61,0.35,0.8,-0.11
"USA-PA",2021 W17,48,3861869,1.2,33,16,51,15,32,-3,0.89,0.43,1.34,0.31,0.77,-0.14
"USA-PA",2021 W18,49,3861985,1.3,35,17,52,14,32,-3,0.92,0.47,1.37,0.38,0.83,-0.07
"USA-PA",2021 W19,53,3862100,1.4,38,21,55,15,32,-2,1.02,0.57,1.47,0.38,0.83,-0.07
"USA-PA",2021 W20,58,3862216,1.5,37,19,54,21,39,4,0.99,0.53,1.44,0.51,0.97,0.06
"USA-PA",2021 W21,50,3862332,1.3,38,21,56,12,29,-6,1.02,0.57,1.47,0.28,0.73,-0.17
"USA-PA",2021 W22,59,3862448,1.5,37,20,54,22,39,5,0.99,0.53,1.44,0.51,0.97,0.06
"USA-PA",2021 W23,52,3862564,1.3,44,26,61,8,26,-9,1.19,0.73,1.64,0.11,0.57,-0.34
"USA-PA",2021 W24,46,3862680,1.2,44,27,61,2,19,-15,1.19,0.73,1.64,0.01,0.47,-0.44
"USA-PA",2021 W25,45,3862796,1.2,34,17,51,11,28,-6,0.92,0.47,1.37,0.28,0.73,-0.17
"USA-PA",2021 W26,37,3862912,1,39,22,56,-2,15,-19,1.05,0.6,1.51,-0.05,0.4,-0.51
"USA-PA",2021 W27,74,3863028,1.9,42,25,59,32,49,15,1.12,0.67,1.57,0.78,1.23,0.33
"USA-PA",2021 W28,41,3863144,1.1,40,22,57,1,19,-16,1.05,0.6,1.51,0.05,0.5,-0.41
"USA-PA",2021 W29,59,3863260,1.5,36,19,53,23,40,6,0.95,0.5,1.41,0.55,1,0.09
"USA-PA",2021 W30,56,3863376,1.4,30,12,47,26,44,9,0.79,0.33,1.24,0.61,1.07,0.16
"USA-PA",2021 W31,58,3863492,1.5,33,16,51,25,42,7,0.89,0.43,1.34,0.61,1.07,0.16
"USA-PA",2021 W32,36,3863608,0.9,43,26,60,-7,10,-24,1.15,0.7,1.61,-0.25,0.2,-0.71
"USA-PA",2021 W33,52,3863724,1.3,38,20,55,14,32,-3,1.02,0.57,1.47,0.28,0.73,-0.17
"USA-PA",2021 W34,55,3863840,1.4,35,17,52,20,38,3,0.95,0.5,1.41,0.45,0.9,-0.01
"USA-PA",2021 W35,46,3863956,1.2,33,16,50,13,30,-4,0.89,0.43,1.34,0.31,0.77,-0.14
"USA-PA",2021 W36,37,3864072,1,34,17,51,3,20,-14,0.89,0.43,1.34,0.11,0.57,-0.34
"USA-PA",2021 W37,41,3864188,1.1,33,16,50,8,25,-9,0.89,0.43,1.34,0.21,0.67,-0.24
"USA-PA",2021 W38,40,3864304,1,34,16,51,6,24,-11,0.89,0.43,1.34,0.11,0.57,-0.34
"USA-PA",2021 W39,55,3864420,1.4,34,17,52,21,38,3,0.92,0.47,1.37,0.48,0.93,0.03
"USA-PA",2021 W40,61,3864535,1.6,29,11,46,32,50,15,0.79,0.33,1.24,0.81,1.27,0.36
"USA-PA",2021 W41,47,3864651,1.2,42,24,59,5,23,-12,1.15,0.7,1.61,0.05,0.5,-0.41
"USA-PA",2021 W42,43,3864767,1.1,34,17,52,9,26,-9,0.92,0.47,1.37,0.18,0.63,-0.27
"USA-PA",2021 W43,65,3864883,1.7,43,25,60,22,40,5,1.15,0.7,1.61,0.55,1,0.09
"USA-PA",2021 W44,49,3864999,1.3,43,26,61,6,23,-12,1.15,0.7,1.61,0.15,0.6,-0.31
"USA-PA",2021 W45,42,3865115,1.1,32,15,50,10,27,-8,0.85,0.4,1.31,0.25,0.7,-0.21
"USA-PA",2021 W46,47,3865231,1.2,29,12,46,18,35,1,0.79,0.33,1.24,0.41,0.87,-0.04
"USA-PA",2021 W47,47,3865347,1.2,36,19,54,11,28,-7,0.99,0.53,1.44,0.21,0.67,-0.24
"USA-PA",2021 W48,50,3865463,1.3,35,18,53,15,32,-3,0.95,0.5,1.41,0.35,0.8,-0.11
"USA-PA",2021 W49,57,3865579,1.5,37,19,54,20,38,3,0.95,0.5,1.41,0.55,1,0.09
"USA-PA",2021 W50,49,3865695,1.3,36,18,53,13,31,-4,0.92,0.47,1.37,0.38,0.83,-0.07
"USA-PA",2021 W51,43,3865811,1.1,31,14,49,12,29,-6,0.85,0.4,1.31,0.25,0.7,-0.21
"USA-PA",2021 W52,50,3865927,1.3,30,12,48,20,38,2,0.79,0.33,1.26,0.51,0.97,0.04
"USA-PA",2022 W01,57,3866043,1.5,32,14,49,25,43,8,0.86,0.4,1.32,0.64,1.1,0.18
"USA-PA",2022 W02,40,3866159,1,31,13,48,9,27,-8,0.79,0.33,1.26,0.21,0.67,-0.26
"USA-PA",2022 W03,51,3866275,1.3,34,17,52,17,34,-1,0.96,0.5,1.42,0.34,0.8,-0.12
"USA-PA",2022 W04,45,3866391,1.2,34,17,52,11,28,-7,0.93,0.46,1.39,0.27,0.74,-0.19
"USA-PA",2022 W05,53,3866507,1.4,27,9,44,26,44,9,0.73,0.26,1.19,0.67,1.14,0.21
"USA-PA",2022 W06,48,3866623,1.2,33,15,51,15,33,-3,0.89,0.43,1.36,0.31,0.77,-0.16
"USA-PA",2022 W07,50,3866739,1.3,33,16,51,17,34,-1,0.89,0.43,1.36,0.41,0.87,-0.06
"USA-PA",2022 W08,51,3866854,1.3,30,12,47,21,39,4,0.79,0.33,1.26,0.51,0.97,0.04
"USA-PA",2022 W09,51,3866970,1.3,36,19,54,15,32,-3,0.96,0.5,1.42,0.34,0.8,-0.12
"USA-PA",2022 W10,37,3867086,1,29,11,47,8,26,-10,0.79,0.33,1.26,0.21,0.67,-0.26
"USA-PA",2022 W11,54,3867202,1.4,39,22,57,15,32,-3,1.06,0.6,1.52,0.34,0.8,-0.12
"USA-PA",2022 W12,54,3867318,1.4,26,8,44,28,46,10,0.73,0.26,1.19,0.67,1.14,0.21
"USA-PA",2022 W13,52,3867434,1.3,30,13,48,22,39,4,0.83,0.36,1.29,0.47,0.94,0.01
"USA-PA",2022 W14,35,3867550,0.9,36,18,53,-1,17,-18,0.96,0.5,1.42,-0.06,0.4,-0.52
"USA-PA",2022 W15,40,3867666,1,34,16,52,6,24,-12,0.93,0.46,1.39,0.07,0.54,-0.39
"USA-PA",2022 W16,51,3867782,1.3,40,22,58,11,29,-7,1.06,0.6,1.52,0.24,0.7,-0.22
"USA-PA",2022 W17,35,3867898,0.9,30,12,47,5,23,-12,0.79,0.33,1.26,0.11,0.57,-0.36
"USA-PA",2022 W18,32,3868014,0.8,31,13,49,1,19,-17,0.83,0.36,1.29,-0.03,0.44,-0.49
"USA-PA",2022 W19,43,3868130,1.1,34,17,52,9,26,-9,0.93,0.46,1.39,0.17,0.64,-0.29
"USA-PA",2022 W20,37,3868246,1,33,15,51,4,22,-14,0.89,0.43,1.36,0.11,0.57,-0.36
"USA-PA",2022 W21,54,3868362,1.4,35,17,52,19,37,2,0.93,0.46,1.39,0.47,0.94,0.01
"USA-PA",2022 W22,47,3868478,1.2,33,16,51,14,31,-4,0.89,0.43,1.36,0.31,0.77,-0.16
"USA-PA",2022 W23,45,3868594,1.2,40,22,58,5,23,-13,1.09,0.63,1.56,0.11,0.57,-0.36
"USA-PA",2022 W24,47,3868710,1.2,40,23,58,7,24,-11,1.09,0.63,1.56,0.11,0.57,-0.36
"USA-PA",2022 W25,47,3868826,1.2,30,13,48,17,34,-1,0.83,0.36,1.29,0.37,0.84,-0.09
"USA-PA",2022 W26,48,3868942,1.2,35,18,53,13,30,-5,0.96,0.5,1.42,0.24,0.7,-0.22
"USA-PA",2022 W27,55,3869058,1.4,38,21,56,17,34,-1,1.03,0.56,1.49,0.37,0.84,-0.09
"USA-PA",2022 W28,47,3869173,1.2,36,18,54,11,29,-7,0.96,0.5,1.42,0.24,0.7,-0.22
"USA-PA",2022 W29,41,3869289,1.1,32,15,50,9,26,-9,0.86,0.4,1.32,0.24,0.7,-0.22
"USA-PA",2022 W30,51,3869405,1.3,26,8,44,25,43,7,0.69,0.23,1.16,0.61,1.07,0.14
"USA-PA",2022 W31,59,3869521,1.5,30,12,47,29,47,12,0.79,0.33,1.26,0.71,1.17,0.24
"USA-PA",2022 W32,49,3869637,1.3,39,22,57,10,27,-8,1.06,0.6,1.52,0.24,0.7,-0.22
"USA-PA",2022 W33,43,3869753,1.1,34,16,52,9,27,-9,0.93,0.46,1.39,0.17,0.64,-0.29
"USA-PA",2022 W34,45,3869869,1.2,31,13,49,14,32,-4,0.86,0.4,1.32,0.34,0.8,-0.12
"USA-PA",2022 W35,32,3869985,0.8,29,12,47,3,20,-15,0.79,0.33,1.26,0.01,0.47,-0.46
"USA-PA",2022 W36,47,3870101,1.2,30,13,48,17,34,-1,0.79,0.33,1.26,0.41,0.87,-0.06
"USA-PA",2022 W37,40,3870217,1,29,12,47,11,28,-7,0.79,0.33,1.26,0.21,0.67,-0.26
"USA-PA",2022 W38,42,3870333,1.1,30,12,48,12,30,-6,0.79,0.33,1.26,0.31,0.77,-0.16
"USA-PA",2022 W39,50,3870449,1.3,31,13,48,19,37,2,0.83,0.36,1.29,0.47,0.94,0.01
"USA-PA",2022 W40,30,3870565,0.8,25,7,43,5,23,-13,0.69,0.23,1.16,0.11,0.57,-0.36
"USA-PA",2022 W41,48,3870681,1.2,38,20,56,10,28,-8,1.06,0.6,1.52,0.14,0.6,-0.32
"USA-PA",2022 W42,37,3870797,1,31,13,48,6,24,-11,0.83,0.36,1.29,0.17,0.64,-0.29
"USA-PA",2022 W43,55,3870913,1.4,39,21,57,16,34,-2,1.06,0.6,1.52,0.34,0.8,-0.12
"USA-PA",2022 W44,33,3871029,0.9,40,22,57,-7,11,-24,1.06,0.6,1.52,-0.16,0.3,-0.62
"USA-PA",2022 W45,54,3871145,1.4,29,11,46,25,43,8,0.76,0.3,1.22,0.64,1.1,0.18
"USA-PA",2022 W46,40,3871261,1,25,8,43,15,32,-3,0.69,0.23,1.16,0.31,0.77,-0.16
"USA-PA",2022 W47,43,3871377,1.1,33,15,50,10,28,-7,0.89,0.43,1.36,0.21,0.67,-0.26
"USA-PA",2022 W48,53,3871493,1.4,32,14,49,21,39,4,0.86,0.4,1.32,0.54,1,0.08
"USA-PA",2022 W49,38,3871608,1,33,15,51,5,23,-13,0.86,0.4,1.32,0.14,0.6,-0.32
"USA-PA",2022 W50,59,3871724,1.5,32,14,50,27,45,9,0.83,0.36,1.29,0.67,1.14,0.21
"USA-PA",2022 W51,38,3871840,1,28,10,45,10,28,-7,0.76,0.3,1.22,0.24,0.7,-0.22
"USA-PA",2022 W52,45,3871956,1.2,26,8,44,19,37,1,0.7,0.22,1.18,0.5,0.98,0.02
"USA-PA",2023 W01,48,3872072,1.2,28,10,46,20,38,2,0.77,0.29,1.24,0.43,0.91,-0.04
"USA-PA",2023 W02,40,3872188,1,27,9,45,13,31,-5,0.7,0.22,1.18,0.3,0.78,-0.18
"USA-PA",2023 W03,48,3872304,1.2,31,12,49,17,36,-1,0.87,0.39,1.34,0.33,0.81,-0.14
"USA-PA",2023 W04,42,3872420,1.1,31,12,49,11,30,-7,0.83,0.36,1.31,0.27,0.74,-0.21
"USA-PA",2023 W05,50,3872536,1.3,23,5,41,27,45,9,0.63,0.16,1.11,0.67,1.14,0.19
"USA-PA",2023 W06,59,3872652,1.5,29,11,47,30,48,12,0.8,0.32,1.28,0.7,1.18,0.22
"USA-PA",2023 W07,41,3872768,1.1,30,11,48,11,30,-7,0.8,0.32,1.28,0.3,0.78,-0.18
"USA-PA",2023 W08,32,3872884,0.8,26,8,44,6,24,-12,0.7,0.22,1.18,0.1,0.58,-0.38
"USA-PA",2023 W09,46,3873000,1.2,33,14,51,13,32,-5,0.87,0.39,1.34,0.33,0.81,-0.14
"USA-PA",2023 W10,39,3873116,1,25,7,43,14,32,-4,0.7,0.22,1.18,0.3,0.78,-0.18
"USA-PA",2023 W11,36,3873232,0.9,36,17,54,0,19,-18,0.97,0.49,1.44,-0.07,0.41,-0.54
"USA-PA",2023 W12,52,3873348,1.3,22,4,40,30,48,12,0.63,0.16,1.11,0.67,1.14,0.19
"USA-PA",2023 W13,29,3873464,0.7,27,8,45,2,21,-16,0.73,0.26,1.21,-0.03,0.44,-0.51
"USA-PA",2023 W14,47,3873580,1.2,32,14,50,15,33,-3,0.87,0.39,1.34,0.33,0.81,-0.14
"USA-PA",2023 W15,44,3873696,1.1,30,12,48,14,32,-4,0.83,0.36,1.31,0.27,0.74,-0.21
"USA-PA",2023 W16,52,3873812,1.3,36,18,54,16,34,-2,0.97,0.49,1.44,0.33,0.81,-0.14
"USA-PA",2023 W17,41,3873927,1.1,26,8,44,15,33,-3,0.7,0.22,1.18,0.4,0.88,-0.08
"USA-PA",2023 W18,47,3874043,1.2,27,9,45,20,38,2,0.73,0.26,1.21,0.47,0.94,-0.01
"USA-PA",2023 W19,42,3874159,1.1,31,12,49,11,30,-7,0.83,0.36,1.31,0.27,0.74,-0.21
"USA-PA",2023 W20,32,3874275,0.8,29,11,47,3,21,-15,0.8,0.32,1.28,0,0.48,-0.48
"USA-PA",2023 W21,40,3874391,1,31,13,49,9,27,-9,0.83,0.36,1.31,0.17,0.64,-0.31
"USA-PA",2023 W22,33,3874507,0.9,30,11,48,3,22,-15,0.8,0.32,1.28,0.1,0.58,-0.38
"USA-PA",2023 W23,61,3874623,1.6,36,18,54,25,43,7,1,0.52,1.48,0.6,1.08,0.12
"USA-PA",2023 W24,37,3874739,1,37,18,55,0,19,-18,1,0.52,1.48,0,0.48,-0.48
"USA-PA",2023 W25,46,3874855,1.2,27,8,45,19,38,1,0.73,0.26,1.21,0.47,0.94,-0.01
"USA-PA",2023 W26,30,3874971,0.8,32,13,50,-2,17,-20,0.87,0.39,1.34,-0.07,0.41,-0.54
"USA-PA",2023 W27,23,3875087,0.6,35,16,53,-12,7,-30,0.93,0.46,1.41,-0.33,0.14,-0.81
"USA-PA",2023 W28,26,3875203,0.7,32,14,50,-6,12,-24,0.87,0.39,1.34,-0.17,0.31,-0.64
"USA-TN",2017 W01,34,2113740,1.6,39,25,54,-5,9,-20,1.87,1.21,2.54,-0.27,0.39,-0.94
"USA-TN",2017 W02,56,2113831,2.6,40,26,54,16,30,2,1.9,1.24,2.57,0.7,1.36,0.03
"USA-TN",2017 W03,25,2113922,1.2,30,16,45,-5,9,-20,1.44,0.77,2.1,-0.24,0.43,-0.9
"USA-TN",2017 W04,32,2114013,1.5,35,20,49,-3,12,-17,1.64,0.97,2.3,-0.14,0.53,-0.8
"USA-TN",2017 W05,36,2114104,1.7,31,16,45,5,20,-9,1.47,0.81,2.14,0.23,0.89,-0.44
"USA-TN",2017 W06,36,2114195,1.7,35,21,50,1,15,-14,1.67,1.01,2.34,0.03,0.69,-0.64
"USA-TN",2017 W07,32,2114286,1.5,34,20,49,-2,12,-17,1.64,0.97,2.3,-0.14,0.53,-0.8
"USA-TN",2017 W08,28,2114377,1.3,35,21,49,-7,7,-21,1.64,0.97,2.3,-0.34,0.33,-1
"USA-TN",2017 W09,41,2114468,1.9,31,17,45,10,24,-4,1.44,0.77,2.1,0.46,1.13,-0.2
"USA-TN",2017 W10,35,2114560,1.7,30,16,44,5,19,-9,1.44,0.77,2.1,0.26,0.93,-0.4
"USA-TN",2017 W11,33,2114651,1.6,33,19,48,0,14,-15,1.6,0.94,2.27,0,0.66,-0.67
"USA-TN",2017 W12,33,2114742,1.6,31,17,45,2,16,-12,1.47,0.81,2.14,0.13,0.79,-0.54
"USA-TN",2017 W13,41,2114833,1.9,41,27,55,0,14,-14,1.94,1.27,2.6,-0.04,0.63,-0.7
"USA-TN",2017 W14,43,2114924,2,40,25,54,3,18,-11,1.87,1.21,2.54,0.13,0.79,-0.54
"USA-TN",2017 W15,43,2115015,2,33,19,47,10,24,-4,1.57,0.91,2.24,0.43,1.09,-0.24
"USA-TN",2017 W16,38,2115106,1.8,36,22,50,2,16,-12,1.7,1.04,2.37,0.1,0.76,-0.57
"USA-TN",2017 W17,42,2115197,2,34,20,48,8,22,-6,1.64,0.97,2.3,0.36,1.03,-0.3
"USA-TN",2017 W18,32,2115288,1.5,32,18,47,0,14,-15,1.5,0.84,2.17,0,0.66,-0.67
"USA-TN",2017 W19,40,2115379,1.9,38,24,52,2,16,-12,1.8,1.14,2.47,0.1,0.76,-0.57
"USA-TN",2017 W20,45,2115470,2.1,37,23,52,8,22,-7,1.77,1.11,2.44,0.33,0.99,-0.34
"USA-TN",2017 W21,32,2115561,1.5,34,20,49,-2,12,-17,1.6,0.94,2.27,-0.1,0.56,-0.77
"USA-TN",2017 W22,38,2115652,1.8,43,28,57,-5,10,-19,2,1.34,2.67,-0.2,0.46,-0.87
"USA-TN",2017 W23,39,2115743,1.8,42,28,56,-3,11,-17,1.97,1.31,2.64,-0.17,0.49,-0.84
"USA-TN",2017 W24,39,2115834,1.8,37,22,51,2,17,-12,1.74,1.07,2.4,0.06,0.73,-0.6
"USA-TN",2017 W25,36,2115925,1.7,33,18,47,3,18,-11,1.54,0.87,2.2,0.16,0.83,-0.5
"USA-TN",2017 W26,34,2116016,1.6,39,25,54,-5,9,-20,1.84,1.17,2.5,-0.24,0.43,-0.9
"USA-TN",2017 W27,38,2116108,1.8,43,28,57,-5,10,-19,2,1.34,2.67,-0.2,0.46,-0.87
"USA-TN",2017 W28,26,2116199,1.2,31,17,46,-5,9,-20,1.47,0.81,2.14,-0.27,0.39,-0.94
"USA-TN",2017 W29,40,2116290,1.9,31,17,46,9,23,-6,1.5,0.84,2.17,0.4,1.06,-0.27
"USA-TN",2017 W30,45,2116381,2.1,42,27,56,3,18,-11,1.94,1.27,2.6,0.16,0.83,-0.5
"USA-TN",2017 W31,36,2116472,1.7,35,21,50,1,15,-14,1.67,1.01,2.34,0.03,0.69,-0.64
"USA-TN",2017 W32,30,2116563,1.4,34,19,48,-4,11,-18,1.6,0.94,2.27,-0.2,0.46,-0.87
"USA-TN",2017 W33,33,2116654,1.6,29,15,44,4,18,-11,1.4,0.74,2.07,0.2,0.86,-0.47
"USA-TN",2017 W34,35,2116745,1.7,38,23,52,-3,12,-17,1.77,1.11,2.44,-0.07,0.59,-0.74
"USA-TN",2017 W35,42,2116836,2,39,25,53,3,17,-11,1.84,1.17,2.5,0.16,0.83,-0.5
"USA-TN",2017 W36,36,2116927,1.7,37,23,51,-1,13,-15,1.74,1.07,2.4,-0.04,0.63,-0.7
"USA-TN",2017 W37,40,2117018,1.9,36,22,50,4,18,-10,1.7,1.04,2.37,0.2,0.86,-0.47
"USA-TN",2017 W38,33,2117109,1.6,38,24,52,-5,9,-19,1.8,1.14,2.47,-0.2,0.46,-0.87
"USA-TN",2017 W39,44,2117200,2.1,40,26,54,4,18,-10,1.9,1.24,2.57,0.2,0.86,-0.47
"USA-TN",2017 W40,29,2117291,1.4,36,22,50,-7,7,-21,1.74,1.07,2.4,-0.34,0.33,-1
"USA-TN",2017 W41,39,2117382,1.8,43,28,57,-4,11,-18,2,1.34,2.67,-0.2,0.46,-0.87
"USA-TN",2017 W42,31,2117473,1.5,36,22,51,-5,9,-20,1.74,1.07,2.4,-0.24,0.43,-0.9
"USA-TN",2017 W43,36,2117564,1.7,37,23,52,-1,13,-16,1.74,1.07,2.4,-0.04,0.63,-0.7
"USA-TN",2017 W44,33,2117656,1.6,36,22,51,-3,11,-18,1.7,1.04,2.37,-0.1,0.56,-0.77
"USA-TN",2017 W45,28,2117747,1.3,32,17,46,-4,11,-18,1.5,0.84,2.17,-0.2,0.46,-0.87
"USA-TN",2017 W46,39,2117838,1.8,38,23,52,1,16,-13,1.74,1.07,2.4,0.06,0.73,-0.6
"USA-TN",2017 W47,36,2117929,1.7,32,18,46,4,18,-10,1.5,0.84,2.17,0.2,0.86,-0.47
"USA-TN",2017 W48,30,2118020,1.4,33,19,48,-3,11,-18,1.57,0.91,2.24,-0.17,0.49,-0.84
"USA-TN",2017 W49,38,2118111,1.8,37,22,51,1,16,-13,1.74,1.07,2.4,0.06,0.73,-0.6
"USA-TN",2017 W50,31,2118202,1.5,39,25,53,-8,6,-22,1.84,1.17,2.5,-0.34,0.33,-1
"USA-TN",2017 W51,34,2118293,1.6,35,20,49,-1,14,-15,1.64,0.97,2.3,-0.04,0.63,-0.7
"USA-TN",2017 W52,39,2118384,1.8,37,22,51,2,17,-12,1.7,1.04,2.37,0.1,0.76,-0.57
"USA-TN",2018 W01,47,2118420,2.2,39,24,53,8,23,-6,1.83,1.17,2.5,0.37,1.03,-0.3
"USA-TN",2018 W02,31,2118382,1.5,39,25,54,-8,6,-23,1.87,1.2,2.53,-0.37,0.3,-1.03
"USA-TN",2018 W03,36,2118344,1.7,30,15,44,6,21,-8,1.4,0.74,2.06,0.3,0.96,-0.36
"USA-TN",2018 W04,39,2118305,1.8,34,20,48,5,19,-9,1.6,0.94,2.26,0.2,0.86,-0.46
"USA-TN",2018 W05,27,2118267,1.3,30,16,44,-3,11,-17,1.43,0.77,2.1,-0.13,0.53,-0.8
"USA-TN",2018 W06,42,2118229,2,35,20,49,7,22,-7,1.63,0.97,2.3,0.37,1.03,-0.3
"USA-TN",2018 W07,36,2118191,1.7,34,19,48,2,17,-12,1.6,0.94,2.26,0.1,0.76,-0.56
"USA-TN",2018 W08,36,2118153,1.7,34,20,49,2,16,-13,1.6,0.94,2.26,0.1,0.76,-0.56
"USA-TN",2018 W09,18,2118115,0.8,30,16,45,-12,2,-27,1.4,0.74,2.06,-0.6,0.06,-1.26
"USA-TN",2018 W10,30,2118077,1.4,29,15,44,1,15,-14,1.4,0.74,2.06,0,0.66,-0.66
"USA-TN",2018 W11,32,2118039,1.5,33,18,47,-1,14,-15,1.57,0.9,2.23,-0.07,0.6,-0.73
"USA-TN",2018 W12,36,2118001,1.7,30,16,45,6,20,-9,1.43,0.77,2.1,0.27,0.93,-0.4
"USA-TN",2018 W13,36,2117963,1.7,40,26,55,-4,10,-19,1.9,1.24,2.56,-0.2,0.46,-0.86
"USA-TN",2018 W14,41,2117925,1.9,39,25,53,2,16,-12,1.83,1.17,2.5,0.07,0.73,-0.6
"USA-TN",2018 W15,27,2117887,1.3,32,18,47,-5,9,-20,1.53,0.87,2.2,-0.23,0.43,-0.9
"USA-TN",2018 W16,36,2117849,1.7,35,21,50,1,15,-14,1.67,1,2.33,0.03,0.7,-0.63
"USA-TN",2018 W17,27,2117811,1.3,33,19,48,-6,8,-21,1.6,0.94,2.26,-0.3,0.36,-0.96
"USA-TN",2018 W18,37,2117773,1.7,32,17,46,5,20,-9,1.47,0.8,2.13,0.23,0.9,-0.43
"USA-TN",2018 W19,44,2117734,2.1,37,23,52,7,21,-8,1.77,1.1,2.43,0.33,1,-0.33
"USA-TN",2018 W20,35,2117696,1.7,37,22,51,-2,13,-16,1.73,1.07,2.4,-0.03,0.63,-0.7
"USA-TN",2018 W21,34,2117658,1.6,34,19,48,0,15,-14,1.57,0.9,2.23,0.03,0.7,-0.63
"USA-TN",2018 W22,45,2117620,2.1,42,28,56,3,17,-11,1.97,1.3,2.63,0.13,0.8,-0.53
"USA-TN",2018 W23,51,2117582,2.4,41,27,56,10,24,-5,1.93,1.27,2.6,0.47,1.13,-0.2
"USA-TN",2018 W24,29,2117544,1.4,36,22,50,-7,7,-21,1.7,1.04,2.36,-0.3,0.36,-0.96
"USA-TN",2018 W25,30,2117506,1.4,32,18,46,-2,12,-16,1.5,0.84,2.16,-0.1,0.56,-0.76
"USA-TN",2018 W26,41,2117468,1.9,39,24,53,2,17,-12,1.8,1.14,2.46,0.1,0.76,-0.56
"USA-TN",2018 W27,39,2117430,1.8,42,28,56,-3,11,-17,1.97,1.3,2.63,-0.17,0.5,-0.83
"USA-TN",2018 W28,23,2117392,1.1,31,16,45,-8,7,-22,1.43,0.77,2.1,-0.33,0.33,-1
"USA-TN",2018 W29,27,2117354,1.3,31,16,45,-4,11,-18,1.47,0.8,2.13,-0.17,0.5,-0.83
"USA-TN",2018 W30,37,2117316,1.7,41,27,55,-4,10,-18,1.9,1.24,2.56,-0.2,0.46,-0.86
"USA-TN",2018 W31,34,2117278,1.6,35,20,49,-1,14,-15,1.63,0.97,2.3,-0.03,0.63,-0.7
"USA-TN",2018 W32,35,2117240,1.7,33,19,47,2,16,-12,1.57,0.9,2.23,0.13,0.8,-0.53
"USA-TN",2018 W33,17,2117201,0.8,29,14,43,-12,3,-26,1.37,0.7,2.03,-0.57,0.1,-1.23
"USA-TN",2018 W34,43,2117163,2,37,23,51,6,20,-8,1.73,1.07,2.4,0.27,0.93,-0.4
"USA-TN",2018 W35,34,2117125,1.6,38,24,53,-4,10,-19,1.8,1.14,2.46,-0.2,0.46,-0.86
"USA-TN",2018 W36,34,2117087,1.6,36,22,51,-2,12,-17,1.7,1.04,2.36,-0.1,0.56,-0.76
"USA-TN",2018 W37,29,2117049,1.4,35,21,50,-6,8,-21,1.67,1,2.33,-0.27,0.4,-0.93
"USA-TN",2018 W38,45,2117011,2.1,37,23,52,8,22,-7,1.77,1.1,2.43,0.33,1,-0.33
"USA-TN",2018 W39,34,2116973,1.6,39,25,54,-5,9,-20,1.87,1.2,2.53,-0.27,0.4,-0.93
"USA-TN",2018 W40,33,2116935,1.6,35,21,50,-2,12,-17,1.7,1.04,2.36,-0.1,0.56,-0.76
"USA-TN",2018 W41,45,2116897,2.1,42,28,56,3,17,-11,1.97,1.3,2.63,0.13,0.8,-0.53
"USA-TN",2018 W42,36,2116859,1.7,36,21,50,0,15,-14,1.7,1.04,2.36,0,0.66,-0.66
"USA-TN",2018 W43,39,2116821,1.8,37,22,51,2,17,-12,1.7,1.04,2.36,0.1,0.76,-0.56
"USA-TN",2018 W44,37,2116783,1.7,36,21,50,1,16,-13,1.67,1,2.33,0.03,0.7,-0.63
"USA-TN",2018 W45,31,2116745,1.5,31,17,45,0,14,-14,1.47,0.8,2.13,0.03,0.7,-0.63
"USA-TN",2018 W46,41,2116707,1.9,37,23,51,4,18,-10,1.7,1.04,2.36,0.2,0.86,-0.46
"USA-TN",2018 W47,25,2116669,1.2,31,17,46,-6,8,-21,1.47,0.8,2.13,-0.27,0.4,-0.93
"USA-TN",2018 W48,32,2116630,1.5,33,18,47,-1,14,-15,1.53,0.87,2.2,-0.03,0.63,-0.7
"USA-TN",2018 W49,35,2116592,1.7,36,22,50,-1,13,-15,1.7,1.04,2.36,0,0.66,-0.66
"USA-TN",2018 W50,32,2116554,1.5,38,24,53,-6,8,-21,1.8,1.14,2.46,-0.3,0.36,-0.96
"USA-TN",2018 W51,36,2116516,1.7,34,20,48,2,16,-12,1.6,0.94,2.26,0.1,0.76,-0.56
"USA-TN",2018 W52,25,2116478,1.2,36,22,50,-11,3,-25,1.67,1,2.33,-0.47,0.2,-1.13
"USA-TN",2019 W01,35,2116682,1.7,38,24,52,-3,11,-17,1.8,1.13,2.46,-0.1,0.57,-0.76
"USA-TN",2019 W02,31,2117418,1.5,39,24,53,-8,7,-22,1.83,1.16,2.49,-0.33,0.34,-0.99
"USA-TN",2019 W03,28,2118170,1.3,29,15,43,-1,13,-15,1.36,0.7,2.03,-0.06,0.6,-0.73
"USA-TN",2019 W04,31,2118922,1.5,33,19,48,-2,12,-17,1.56,0.9,2.23,-0.06,0.6,-0.73
"USA-TN",2019 W05,27,2119674,1.3,29,15,44,-2,12,-17,1.4,0.73,2.06,-0.1,0.57,-0.76
"USA-TN",2019 W06,26,2120426,1.2,34,20,48,-8,6,-22,1.6,0.93,2.26,-0.4,0.27,-1.06
"USA-TN",2019 W07,33,2121178,1.6,33,19,47,0,14,-14,1.56,0.9,2.23,0.04,0.7,-0.63
"USA-TN",2019 W08,39,2121930,1.8,34,19,48,5,20,-9,1.56,0.9,2.23,0.24,0.9,-0.43
"USA-TN",2019 W09,32,2122681,1.5,30,15,44,2,17,-12,1.36,0.7,2.03,0.14,0.8,-0.53
"USA-TN",2019 W10,23,2123433,1.1,29,14,43,-6,9,-20,1.36,0.7,2.03,-0.26,0.4,-0.93
"USA-TN",2019 W11,33,2124185,1.6,32,18,46,1,15,-13,1.53,0.86,2.19,0.07,0.74,-0.59
"USA-TN",2019 W12,22,2124937,1,30,15,44,-8,7,-22,1.4,0.73,2.06,-0.4,0.27,-1.06
"USA-TN",2019 W13,44,2125689,2.1,40,25,54,4,19,-10,1.86,1.2,2.53,0.24,0.9,-0.43
"USA-TN",2019 W14,33,2126441,1.6,38,24,53,-5,9,-20,1.8,1.13,2.46,-0.2,0.47,-0.86
"USA-TN",2019 W15,27,2127193,1.3,32,17,46,-5,10,-19,1.5,0.83,2.16,-0.2,0.47,-0.86
"USA-TN",2019 W16,32,2127945,1.5,35,20,49,-3,12,-17,1.63,0.96,2.29,-0.13,0.54,-0.79
"USA-TN",2019 W17,31,2128697,1.5,33,18,47,-2,13,-16,1.56,0.9,2.23,-0.06,0.6,-0.73
"USA-TN",2019 W18,26,2129449,1.2,31,17,45,-5,9,-19,1.43,0.76,2.09,-0.23,0.44,-0.89
"USA-TN",2019 W19,28,2130201,1.3,37,22,51,-9,6,-23,1.73,1.06,2.39,-0.43,0.24,-1.09
"USA-TN",2019 W20,30,2130953,1.4,36,22,50,-6,8,-20,1.7,1.03,2.36,-0.3,0.37,-0.96
"USA-TN",2019 W21,35,2131705,1.6,33,19,47,2,16,-12,1.53,0.86,2.19,0.07,0.74,-0.59
"USA-TN",2019 W22,43,2132457,2,41,27,56,2,16,-13,1.93,1.26,2.59,0.07,0.74,-0.59
"USA-TN",2019 W23,34,2133209,1.6,41,26,55,-7,8,-21,1.9,1.23,2.56,-0.3,0.37,-0.96
"USA-TN",2019 W24,40,2133961,1.9,35,21,50,5,19,-10,1.66,1,2.33,0.24,0.9,-0.43
"USA-TN",2019 W25,30,2134713,1.4,31,17,46,-1,13,-16,1.46,0.8,2.13,-0.06,0.6,-0.73
"USA-TN",2019 W26,41,2135465,1.9,38,24,52,3,17,-11,1.76,1.1,2.43,0.14,0.8,-0.53
"USA-TN",2019 W27,49,2136217,2.3,41,27,56,8,22,-7,1.93,1.26,2.59,0.37,1.04,-0.29
"USA-TN",2019 W28,43,2136969,2,30,16,44,13,27,-1,1.4,0.73,2.06,0.6,1.27,-0.06
"USA-TN",2019 W29,25,2137721,1.2,30,16,44,-5,9,-19,1.43,0.76,2.09,-0.23,0.44,-0.89
"USA-TN",2019 W30,41,2138472,1.9,40,26,55,1,15,-14,1.86,1.2,2.53,0.04,0.7,-0.63
"USA-TN",2019 W31,34,2139224,1.6,34,20,48,0,14,-14,1.6,0.93,2.26,0,0.67,-0.66
"USA-TN",2019 W32,34,2139976,1.6,32,18,47,2,16,-13,1.53,0.86,2.19,0.07,0.74,-0.59
"USA-TN",2019 W33,36,2140728,1.7,28,14,42,8,22,-6,1.33,0.66,1.99,0.37,1.04,-0.29
"USA-TN",2019 W34,33,2141480,1.5,36,22,51,-3,11,-18,1.7,1.03,2.36,-0.2,0.47,-0.86
"USA-TN",2019 W35,39,2142232,1.8,38,23,52,1,16,-13,1.76,1.1,2.43,0.04,0.7,-0.63
"USA-TN",2019 W36,39,2142984,1.8,36,21,50,3,18,-11,1.66,1,2.33,0.14,0.8,-0.53
"USA-TN",2019 W37,37,2143736,1.7,35,20,49,2,17,-12,1.63,0.96,2.29,0.07,0.74,-0.59
"USA-TN",2019 W38,34,2144488,1.6,37,22,51,-3,12,-17,1.73,1.06,2.39,-0.13,0.54,-0.79
"USA-TN",2019 W39,40,2145240,1.9,39,24,53,1,16,-13,1.83,1.16,2.49,0.07,0.74,-0.59
"USA-TN",2019 W40,44,2145992,2.1,35,20,49,9,24,-5,1.66,1,2.33,0.44,1.1,-0.23
"USA-TN",2019 W41,42,2146744,2,41,27,56,1,15,-14,1.93,1.26,2.59,0.07,0.74,-0.59
"USA-TN",2019 W42,40,2147496,1.9,35,21,49,5,19,-9,1.66,1,2.33,0.24,0.9,-0.43
"USA-TN",2019 W43,35,2148248,1.6,36,22,50,-1,13,-15,1.66,1,2.33,-0.06,0.6,-0.73
"USA-TN",2019 W44,37,2149000,1.7,35,21,49,2,16,-12,1.63,0.96,2.29,0.07,0.74,-0.59
"USA-TN",2019 W45,34,2149752,1.6,30,16,45,4,18,-11,1.43,0.76,2.09,0.17,0.84,-0.49
"USA-TN",2019 W46,31,2150504,1.4,36,22,51,-5,9,-20,1.66,1,2.33,-0.26,0.4,-0.93
"USA-TN",2019 W47,33,2151256,1.5,31,16,45,2,17,-12,1.43,0.76,2.09,0.07,0.74,-0.59
"USA-TN",2019 W48,36,2152008,1.7,32,18,46,4,18,-10,1.5,0.83,2.16,0.2,0.87,-0.46
"USA-TN",2019 W49,35,2152760,1.6,35,21,50,0,14,-15,1.66,1,2.33,-0.06,0.6,-0.73
"USA-TN",2019 W50,52,2153512,2.4,38,23,52,14,29,0,1.76,1.1,2.43,0.64,1.3,-0.03
"USA-TN",2019 W51,32,2154264,1.5,33,19,48,-1,13,-16,1.56,0.9,2.23,-0.06,0.6,-0.73
"USA-TN",2019 W52,44,2155015,2,35,21,50,9,23,-6,1.63,0.96,2.29,0.37,1.04,-0.29
"USA-TN",2020 W01,49,2155621,2.3,37,23,52,12,26,-3,1.76,1.09,2.43,0.54,1.21,-0.13
"USA-TN",2020 W02,36,2155700,1.7,38,23,53,-2,13,-17,1.79,1.12,2.46,-0.09,0.58,-0.76
"USA-TN",2020 W03,31,2155735,1.4,28,14,43,3,17,-12,1.33,0.65,2,0.07,0.75,-0.6
"USA-TN",2020 W04,29,2155771,1.3,33,18,47,-4,11,-18,1.53,0.85,2.2,-0.23,0.45,-0.9
"USA-TN",2020 W05,31,2155806,1.4,29,14,43,2,17,-12,1.36,0.69,2.03,0.04,0.71,-0.63
"USA-TN",2020 W06,48,2155841,2.2,33,19,48,15,29,0,1.56,0.89,2.23,0.64,1.31,-0.03
"USA-TN",2020 W07,35,2155876,1.6,32,18,47,3,17,-12,1.53,0.85,2.2,0.07,0.75,-0.6
"USA-TN",2020 W08,30,2155912,1.4,33,18,48,-3,12,-18,1.53,0.85,2.2,-0.13,0.55,-0.8
"USA-TN",2020 W09,38,2155947,1.8,29,14,44,9,24,-6,1.33,0.65,2,0.47,1.15,-0.2
"USA-TN",2020 W10,28,2155982,1.3,28,13,43,0,15,-15,1.33,0.65,2,-0.03,0.65,-0.7
"USA-TN",2020 W11,40,2156017,1.9,31,17,46,9,23,-6,1.49,0.82,2.16,0.41,1.08,-0.26
"USA-TN",2020 W12,27,2156052,1.3,29,14,44,-2,13,-17,1.36,0.69,2.03,-0.06,0.61,-0.73
"USA-TN",2020 W13,39,2156088,1.8,39,24,54,0,15,-15,1.83,1.15,2.5,-0.03,0.65,-0.7
"USA-TN",2020 W14,37,2156123,1.7,38,23,52,-1,14,-15,1.76,1.09,2.43,-0.06,0.61,-0.73
"USA-TN",2020 W15,35,2156158,1.6,31,16,46,4,19,-11,1.46,0.79,2.13,0.14,0.81,-0.53
"USA-TN",2020 W16,35,2156193,1.6,34,19,49,1,16,-14,1.59,0.92,2.26,0.01,0.68,-0.66
"USA-TN",2020 W17,29,2156228,1.3,32,17,47,-3,12,-18,1.53,0.85,2.2,-0.23,0.45,-0.9
"USA-TN",2020 W18,31,2156264,1.4,30,16,45,1,15,-14,1.39,0.72,2.06,0.01,0.68,-0.66
"USA-TN",2020 W19,39,2156299,1.8,36,21,51,3,18,-12,1.69,1.02,2.36,0.11,0.78,-0.56
"USA-TN",2020 W20,35,2156334,1.6,35,21,50,0,14,-15,1.66,0.99,2.33,-0.06,0.61,-0.73
"USA-TN",2020 W21,32,2156369,1.5,32,18,47,0,14,-15,1.49,0.82,2.16,0.01,0.68,-0.66
"USA-TN",2020 W22,42,2156404,1.9,41,26,55,1,16,-13,1.89,1.22,2.56,0.01,0.68,-0.66
"USA-TN",2020 W23,33,2156440,1.5,40,25,55,-7,8,-22,1.86,1.19,2.53,-0.36,0.31,-1.03
"USA-TN",2020 W24,38,2156475,1.8,35,20,49,3,18,-11,1.63,0.95,2.3,0.17,0.85,-0.5
"USA-TN",2020 W25,40,2156510,1.9,31,16,45,9,24,-5,1.43,0.75,2.1,0.47,1.15,-0.2
"USA-TN",2020 W26,43,2156545,2,37,23,52,6,20,-9,1.73,1.05,2.4,0.27,0.95,-0.4
"USA-TN",2020 W27,41,2156580,1.9,41,26,55,0,15,-14,1.89,1.22,2.56,0.01,0.68,-0.66
"USA-TN",2020 W28,53,2156616,2.5,29,15,44,24,38,9,1.36,0.69,2.03,1.14,1.81,0.47
"USA-TN",2020 W29,43,2156651,2,29,15,44,14,28,-1,1.39,0.72,2.06,0.61,1.28,-0.06
"USA-TN",2020 W30,48,2156686,2.2,40,25,54,8,23,-6,1.83,1.15,2.5,0.37,1.05,-0.3
"USA-TN",2020 W31,32,2156721,1.5,33,19,48,-1,13,-16,1.56,0.89,2.23,-0.06,0.61,-0.73
"USA-TN",2020 W32,40,2156757,1.9,32,17,46,8,23,-6,1.49,0.82,2.16,0.41,1.08,-0.26
"USA-TN",2020 W33,42,2156792,1.9,27,13,42,15,29,0,1.29,0.62,1.96,0.61,1.28,-0.06
"USA-TN",2020 W34,30,2156827,1.4,36,21,50,-6,9,-20,1.66,0.99,2.33,-0.26,0.41,-0.93
"USA-TN",2020 W35,27,2156862,1.3,37,22,52,-10,5,-25,1.73,1.05,2.4,-0.43,0.25,-1.1
"USA-TN",2020 W36,36,2156897,1.7,35,20,50,1,16,-14,1.63,0.95,2.3,0.07,0.75,-0.6
"USA-TN",2020 W37,34,2156933,1.6,34,19,49,0,15,-15,1.59,0.92,2.26,0.01,0.68,-0.66
"USA-TN",2020 W38,43,2156968,2,36,21,51,7,22,-8,1.69,1.02,2.36,0.31,0.98,-0.36
"USA-TN",2020 W39,25,2157003,1.2,38,23,53,-13,2,-28,1.79,1.12,2.46,-0.59,0.08,-1.26
"USA-TN",2020 W40,34,2157038,1.6,34,19,49,0,15,-15,1.63,0.95,2.3,-0.03,0.65,-0.7
"USA-TN",2020 W41,38,2157073,1.8,41,26,55,-3,12,-17,1.89,1.22,2.56,-0.09,0.58,-0.76
"USA-TN",2020 W42,48,2157109,2.2,34,20,49,14,28,-1,1.63,0.95,2.3,0.57,1.25,-0.1
"USA-TN",2020 W43,36,2157144,1.7,35,21,50,1,15,-14,1.63,0.95,2.3,0.07,0.75,-0.6
"USA-TN",2020 W44,35,2157179,1.6,34,20,49,1,15,-14,1.59,0.92,2.26,0.01,0.68,-0.66
"USA-TN",2020 W45,32,2157214,1.5,30,15,44,2,17,-12,1.39,0.72,2.06,0.11,0.78,-0.56
"USA-TN",2020 W46,49,2157249,2.3,36,21,50,13,28,-1,1.63,0.95,2.3,0.67,1.35,0
"USA-TN",2020 W47,39,2157285,1.8,30,15,45,9,24,-6,1.39,0.72,2.06,0.41,1.08,-0.26
"USA-TN",2020 W48,36,2157320,1.7,31,17,46,5,19,-10,1.46,0.79,2.13,0.24,0.91,-0.43
"USA-TN",2020 W49,32,2157355,1.5,35,20,49,-3,12,-17,1.63,0.95,2.3,-0.13,0.55,-0.8
"USA-TN",2020 W50,43,2157390,2,37,22,52,6,21,-9,1.73,1.05,2.4,0.27,0.95,-0.4
"USA-TN",2020 W51,44,2157426,2,33,18,47,11,26,-3,1.53,0.85,2.2,0.47,1.15,-0.2
"USA-TN",2020 W52,35,2157461,1.6,35,20,49,0,15,-14,1.59,0.92,2.26,0.01,0.68,-0.66
"USA-TN",2020 W53,26,2157507,1.2,37,22,51,-11,4,-25,1.72,1.04,2.41,-0.52,0.16,-1.21
"USA-TN",2021 W01,34,2157681,1.6,37,22,52,-3,12,-18,1.75,1.07,2.44,-0.15,0.53,-0.84
"USA-TN",2021 W02,44,2157891,2,28,13,42,16,31,2,1.29,0.6,1.97,0.71,1.4,0.03
"USA-TN",2021 W03,36,2158101,1.7,32,17,47,4,19,-11,1.49,0.8,2.17,0.21,0.9,-0.47
"USA-TN",2021 W04,53,2158311,2.5,28,13,43,25,40,10,1.32,0.64,2.01,1.18,1.86,0.49
"USA-TN",2021 W05,46,2158521,2.1,33,18,47,13,28,-1,1.52,0.84,2.21,0.58,1.26,-0.11
"USA-TN",2021 W06,45,2158731,2.1,32,17,46,13,28,-1,1.49,0.8,2.17,0.61,1.3,-0.07
"USA-TN",2021 W07,32,2158941,1.5,32,17,47,0,15,-15,1.49,0.8,2.17,0.01,0.7,-0.67
"USA-TN",2021 W08,32,2159151,1.5,28,13,43,4,19,-11,1.29,0.6,1.97,0.21,0.9,-0.47
"USA-TN",2021 W09,48,2159361,2.2,27,12,42,21,36,6,1.29,0.6,1.97,0.91,1.6,0.23
"USA-TN",2021 W10,28,2159571,1.3,31,16,45,-3,12,-17,1.45,0.77,2.14,-0.15,0.53,-0.84
"USA-TN",2021 W11,37,2159781,1.7,28,13,43,9,24,-6,1.32,0.64,2.01,0.38,1.06,-0.31
"USA-TN",2021 W12,37,2159991,1.7,38,23,53,-1,14,-16,1.79,1.1,2.47,-0.09,0.6,-0.77
"USA-TN",2021 W13,41,2160201,1.9,37,22,52,4,19,-11,1.72,1.04,2.41,0.18,0.86,-0.51
"USA-TN",2021 W14,37,2160411,1.7,30,15,45,7,22,-8,1.42,0.74,2.11,0.28,0.96,-0.41
"USA-TN",2021 W15,41,2160621,1.9,33,18,48,8,23,-7,1.55,0.87,2.24,0.35,1.03,-0.34
"USA-TN",2021 W16,44,2160831,2,31,16,46,13,28,-2,1.49,0.8,2.17,0.51,1.2,-0.17
"USA-TN",2021 W17,58,2161041,2.7,30,15,44,28,43,14,1.35,0.67,2.04,1.35,2.03,0.66
"USA-TN",2021 W18,39,2161251,1.8,35,20,50,4,19,-11,1.65,0.97,2.34,0.15,0.83,-0.54
"USA-TN",2021 W19,41,2161461,1.9,35,20,49,6,21,-8,1.62,0.94,2.31,0.28,0.96,-0.41
"USA-TN",2021 W20,40,2161671,1.9,32,17,46,8,23,-6,1.45,0.77,2.14,0.45,1.13,-0.24
"USA-TN",2021 W21,36,2161881,1.7,40,25,55,-4,11,-19,1.85,1.17,2.54,-0.15,0.53,-0.84
"USA-TN",2021 W22,39,2162091,1.8,39,24,54,0,15,-15,1.82,1.14,2.51,-0.02,0.66,-0.71
"USA-TN",2021 W23,55,2162301,2.5,34,19,49,21,36,6,1.59,0.9,2.27,0.91,1.6,0.23
"USA-TN",2021 W24,28,2162511,1.3,30,15,45,-2,13,-17,1.39,0.7,2.07,-0.09,0.6,-0.77
"USA-TN",2021 W25,48,2162721,2.2,37,22,51,11,26,-3,1.69,1,2.37,0.51,1.2,-0.17
"USA-TN",2021 W26,40,2162931,1.8,40,25,55,0,15,-15,1.85,1.17,2.54,-0.05,0.63,-0.74
"USA-TN",2021 W27,45,2163142,2.1,29,14,43,16,31,2,1.32,0.64,2.01,0.78,1.46,0.09
"USA-TN",2021 W28,31,2163352,1.4,29,14,43,2,17,-12,1.35,0.67,2.04,0.05,0.73,-0.64
"USA-TN",2021 W29,24,2163562,1.1,39,24,54,-15,0,-30,1.79,1.1,2.47,-0.69,0,-1.37
"USA-TN",2021 W30,38,2163772,1.8,33,18,47,5,20,-9,1.52,0.84,2.21,0.28,0.96,-0.41
"USA-TN",2021 W31,32,2163982,1.5,31,16,46,1,16,-14,1.45,0.77,2.14,0.05,0.73,-0.64
"USA-TN",2021 W32,32,2164192,1.5,27,12,41,5,20,-9,1.25,0.57,1.94,0.25,0.93,-0.44
"USA-TN",2021 W33,43,2164402,2,35,20,50,8,23,-7,1.62,0.94,2.31,0.38,1.06,-0.31
"USA-TN",2021 W34,30,2164612,1.4,36,21,51,-6,9,-21,1.69,1,2.37,-0.29,0.4,-0.97
"USA-TN",2021 W35,34,2164822,1.6,34,19,49,0,15,-15,1.59,0.9,2.27,0.01,0.7,-0.67
"USA-TN",2021 W36,45,2165032,2.1,33,18,48,12,27,-3,1.55,0.87,2.24,0.55,1.23,-0.14
"USA-TN",2021 W37,55,2165242,2.5,35,20,50,20,35,5,1.65,0.97,2.34,0.85,1.53,0.16
"USA-TN",2021 W38,39,2165452,1.8,37,22,52,2,17,-13,1.75,1.07,2.44,0.05,0.73,-0.64
"USA-TN",2021 W39,39,2165662,1.8,33,18,48,6,21,-9,1.59,0.9,2.27,0.21,0.9,-0.47
"USA-TN",2021 W40,45,2165872,2.1,40,25,55,5,20,-10,1.85,1.17,2.54,0.25,0.93,-0.44
"USA-TN",2021 W41,36,2166082,1.7,34,19,48,2,17,-12,1.59,0.9,2.27,0.11,0.8,-0.57
"USA-TN",2021 W42,31,2166292,1.4,35,20,49,-4,11,-18,1.59,0.9,2.27,-0.19,0.5,-0.87
"USA-TN",2021 W43,40,2166502,1.8,34,19,48,6,21,-8,1.55,0.87,2.24,0.25,0.93,-0.44
"USA-TN",2021 W44,31,2166712,1.4,29,14,44,2,17,-13,1.35,0.67,2.04,0.05,0.73,-0.64
"USA-TN",2021 W45,42,2166922,1.9,35,20,50,7,22,-8,1.59,0.9,2.27,0.31,1,-0.37
"USA-TN",2021 W46,37,2167132,1.7,29,14,44,8,23,-7,1.35,0.67,2.04,0.35,1.03,-0.34
"USA-TN",2021 W47,46,2167342,2.1,31,16,45,15,30,1,1.42,0.74,2.11,0.68,1.36,-0.01
"USA-TN",2021 W48,45,2167552,2.1,34,19,49,11,26,-4,1.59,0.9,2.27,0.51,1.2,-0.17
"USA-TN",2021 W49,38,2167762,1.8,36,21,51,2,17,-13,1.69,1,2.37,0.11,0.8,-0.57
"USA-TN",2021 W50,38,2167972,1.8,32,17,47,6,21,-9,1.49,0.8,2.17,0.31,1,-0.37
"USA-TN",2021 W51,42,2168182,1.9,34,19,49,8,23,-7,1.55,0.87,2.24,0.35,1.03,-0.34
"USA-TN",2021 W52,34,2168392,1.6,36,21,51,-2,13,-17,1.68,0.98,2.38,-0.08,0.62,-0.78
"USA-TN",2022 W01,32,2168602,1.5,37,21,52,-5,11,-20,1.72,1.02,2.42,-0.22,0.48,-0.92
"USA-TN",2022 W02,48,2168812,2.2,27,12,42,21,36,6,1.25,0.55,1.95,0.95,1.65,0.25
"USA-TN",2022 W03,37,2169022,1.7,31,16,46,6,21,-9,1.45,0.75,2.15,0.25,0.95,-0.45
"USA-TN",2022 W04,41,2169232,1.9,27,12,42,14,29,-1,1.28,0.58,1.98,0.62,1.32,-0.08
"USA-TN",2022 W05,38,2169442,1.8,32,17,47,6,21,-9,1.48,0.78,2.18,0.32,1.02,-0.38
"USA-TN",2022 W06,37,2169652,1.7,31,16,46,6,21,-9,1.45,0.75,2.15,0.25,0.95,-0.45
"USA-TN",2022 W07,43,2169862,2,32,16,47,11,27,-4,1.45,0.75,2.15,0.55,1.25,-0.15
"USA-TN",2022 W08,48,2170072,2.2,28,12,43,20,36,5,1.25,0.55,1.95,0.95,1.65,0.25
"USA-TN",2022 W09,33,2170283,1.5,27,11,42,6,22,-9,1.25,0.55,1.95,0.25,0.95,-0.45
"USA-TN",2022 W10,40,2170493,1.8,30,15,45,10,25,-5,1.42,0.72,2.12,0.38,1.08,-0.32
"USA-TN",2022 W11,40,2170703,1.8,28,12,43,12,28,-3,1.28,0.58,1.98,0.52,1.22,-0.18
"USA-TN",2022 W12,39,2170913,1.8,38,22,53,1,17,-14,1.75,1.05,2.45,0.05,0.75,-0.65
"USA-TN",2022 W13,42,2171123,1.9,36,21,51,6,21,-9,1.68,0.98,2.38,0.22,0.92,-0.48
"USA-TN",2022 W14,37,2171333,1.7,30,14,45,7,23,-8,1.38,0.68,2.08,0.32,1.02,-0.38
"USA-TN",2022 W15,40,2171543,1.8,33,17,48,7,23,-8,1.52,0.82,2.22,0.28,0.98,-0.42
"USA-TN",2022 W16,45,2171753,2.1,31,15,46,14,30,-1,1.45,0.75,2.15,0.65,1.35,-0.05
"USA-TN",2022 W17,42,2171963,1.9,29,14,44,13,28,-2,1.32,0.62,2.02,0.58,1.28,-0.12
"USA-TN",2022 W18,43,2172173,2,35,19,50,8,24,-7,1.62,0.92,2.32,0.38,1.08,-0.32
"USA-TN",2022 W19,48,2172383,2.2,34,19,49,14,29,-1,1.58,0.88,2.28,0.62,1.32,-0.08
"USA-TN",2022 W20,40,2172593,1.8,31,16,46,9,24,-6,1.42,0.72,2.12,0.38,1.08,-0.32
"USA-TN",2022 W21,42,2172803,1.9,39,24,54,3,18,-12,1.82,1.12,2.52,0.08,0.78,-0.62
"USA-TN",2022 W22,32,2173013,1.5,39,23,54,-7,9,-22,1.78,1.08,2.48,-0.28,0.42,-0.98
"USA-TN",2022 W23,37,2173223,1.7,33,18,48,4,19,-11,1.55,0.85,2.25,0.15,0.85,-0.55
"USA-TN",2022 W24,48,2173433,2.2,29,14,44,19,34,4,1.35,0.65,2.05,0.85,1.55,0.15
"USA-TN",2022 W25,47,2173643,2.2,36,21,51,11,26,-4,1.65,0.95,2.35,0.55,1.25,-0.15
"USA-TN",2022 W26,33,2173853,1.5,39,24,54,-6,9,-21,1.82,1.12,2.52,-0.32,0.38,-1.02
"USA-TN",2022 W27,42,2174064,1.9,28,13,43,14,29,-1,1.28,0.58,1.98,0.62,1.32,-0.08
"USA-TN",2022 W28,37,2174274,1.7,28,13,43,9,24,-6,1.32,0.62,2.02,0.38,1.08,-0.32
"USA-TN",2022 W29,37,2174484,1.7,38,23,53,-1,14,-16,1.75,1.05,2.45,-0.05,0.65,-0.75
"USA-TN",2022 W30,38,2174694,1.7,32,17,47,6,21,-9,1.48,0.78,2.18,0.22,0.92,-0.48
"USA-TN",2022 W31,52,2174904,2.4,30,15,45,22,37,7,1.42,0.72,2.12,0.98,1.68,0.28
"USA-TN",2022 W32,42,2175114,1.9,26,11,41,16,31,1,1.22,0.52,1.92,0.68,1.38,-0.02
"USA-TN",2022 W33,39,2175324,1.8,34,19,49,5,20,-10,1.58,0.88,2.28,0.22,0.92,-0.48
"USA-TN",2022 W34,39,2175534,1.8,36,20,51,3,19,-12,1.65,0.95,2.35,0.15,0.85,-0.55
"USA-TN",2022 W35,38,2175744,1.7,34,18,49,4,20,-11,1.55,0.85,2.25,0.15,0.85,-0.55
"USA-TN",2022 W36,38,2175954,1.7,33,17,48,5,21,-10,1.52,0.82,2.22,0.18,0.88,-0.52
"USA-TN",2022 W37,35,2176164,1.6,35,19,50,0,16,-15,1.62,0.92,2.32,-0.02,0.68,-0.72
"USA-TN",2022 W38,42,2176374,1.9,37,21,52,5,21,-10,1.72,1.02,2.42,0.18,0.88,-0.52
"USA-TN",2022 W39,59,2176584,2.7,33,17,48,26,42,11,1.55,0.85,2.25,1.15,1.85,0.45
"USA-TN",2022 W40,37,2176794,1.7,39,24,54,-2,13,-17,1.82,1.12,2.52,-0.12,0.58,-0.82
"USA-TN",2022 W41,42,2177004,1.9,33,18,48,9,24,-6,1.55,0.85,2.25,0.35,1.05,-0.35
"USA-TN",2022 W42,35,2177214,1.6,34,19,49,1,16,-14,1.55,0.85,2.25,0.05,0.75,-0.65
"USA-TN",2022 W43,28,2177424,1.3,33,18,48,-5,10,-20,1.52,0.82,2.22,-0.22,0.48,-0.92
"USA-TN",2022 W44,48,2177635,2.2,28,13,43,20,35,5,1.32,0.62,2.02,0.88,1.58,0.18
"USA-TN",2022 W45,45,2177845,2.1,34,19,49,11,26,-4,1.55,0.85,2.25,0.55,1.25,-0.15
"USA-TN",2022 W46,36,2178055,1.7,29,13,44,7,23,-8,1.32,0.62,2.02,0.38,1.08,-0.32
"USA-TN",2022 W47,42,2178265,1.9,30,15,45,12,27,-3,1.38,0.68,2.08,0.52,1.22,-0.18
"USA-TN",2022 W48,39,2178475,1.8,33,18,48,6,21,-9,1.55,0.85,2.25,0.25,0.95,-0.45
"USA-TN",2022 W49,48,2178685,2.2,36,20,51,12,28,-3,1.65,0.95,2.35,0.55,1.25,-0.15
"USA-TN",2022 W50,37,2178895,1.7,31,16,46,6,21,-9,1.45,0.75,2.15,0.25,0.95,-0.45
"USA-TN",2022 W51,33,2179105,1.5,33,18,48,0,15,-15,1.52,0.82,2.22,-0.02,0.68,-0.72
"USA-TN",2022 W52,35,2179315,1.6,35,20,51,0,15,-16,1.65,0.93,2.37,-0.05,0.67,-0.77
"USA-TN",2023 W01,36,2179525,1.7,36,20,52,0,16,-16,1.68,0.96,2.4,0.02,0.74,-0.7
"USA-TN",2023 W02,29,2179735,1.3,26,11,42,3,18,-13,1.21,0.49,1.93,0.09,0.81,-0.63
"USA-TN",2023 W03,40,2179945,1.8,31,15,46,9,25,-6,1.41,0.69,2.13,0.39,1.11,-0.33
"USA-TN",2023 W04,36,2180155,1.7,27,11,42,9,25,-6,1.25,0.53,1.97,0.45,1.17,-0.27
"USA-TN",2023 W05,46,2180365,2.1,31,16,47,15,30,-1,1.45,0.73,2.17,0.65,1.37,-0.07
"USA-TN",2023 W06,34,2180575,1.6,30,15,46,4,19,-12,1.41,0.69,2.13,0.19,0.91,-0.53
"USA-TN",2023 W07,40,2180785,1.8,31,15,47,9,25,-7,1.41,0.69,2.13,0.39,1.11,-0.33
"USA-TN",2023 W08,48,2180995,2.2,27,11,43,21,37,5,1.21,0.49,1.93,0.99,1.71,0.27
"USA-TN",2023 W09,37,2181205,1.7,26,10,42,11,27,-5,1.21,0.49,1.93,0.49,1.21,-0.23
"USA-TN",2023 W10,37,2181416,1.7,29,14,45,8,23,-8,1.38,0.66,2.1,0.32,1.04,-0.4
"USA-TN",2023 W11,45,2181626,2.1,27,11,43,18,34,2,1.25,0.53,1.97,0.85,1.57,0.13
"USA-TN",2023 W12,49,2181836,2.2,37,21,53,12,28,-4,1.71,0.99,2.43,0.49,1.21,-0.23
"USA-TN",2023 W13,58,2182046,2.7,36,20,51,22,38,7,1.65,0.93,2.37,1.05,1.77,0.33
"USA-TN",2023 W14,41,2182256,1.9,29,13,45,12,28,-4,1.35,0.63,2.07,0.55,1.27,-0.17
"USA-TN",2023 W15,42,2182466,1.9,32,16,48,10,26,-6,1.48,0.76,2.2,0.42,1.14,-0.3
"USA-TN",2023 W16,43,2182676,2,30,14,46,13,29,-3,1.41,0.69,2.13,0.59,1.31,-0.13
"USA-TN",2023 W17,42,2182886,1.9,28,13,44,14,29,-2,1.28,0.56,2,0.62,1.34,-0.1
"USA-TN",2023 W18,43,2183096,2,34,18,50,9,25,-7,1.58,0.86,2.3,0.42,1.14,-0.3
"USA-TN",2023 W19,48,2183306,2.2,33,18,49,15,30,-1,1.55,0.83,2.27,0.65,1.37,-0.07
"USA-TN",2023 W20,44,2183516,2,30,15,46,14,29,-2,1.38,0.66,2.1,0.62,1.34,-0.1
"USA-TN",2023 W21,34,2183726,1.6,39,23,54,-5,11,-20,1.78,1.06,2.5,-0.18,0.54,-0.9
"USA-TN",2023 W22,44,2183936,2,38,22,54,6,22,-10,1.75,1.03,2.47,0.25,0.97,-0.47
"USA-TN",2023 W23,39,2184146,1.8,33,17,48,6,22,-9,1.51,0.79,2.23,0.29,1.01,-0.43
"USA-TN",2023 W24,46,2184356,2.1,29,13,44,17,33,2,1.31,0.59,2.03,0.79,1.51,0.07
"USA-TN",2023 W25,27,2184566,1.2,35,20,51,-8,7,-24,1.61,0.89,2.33,-0.41,0.31,-1.13
"USA-TN",2023 W26,36,2184776,1.6,39,23,54,-3,13,-18,1.78,1.06,2.5,-0.18,0.54,-0.9
"USA-TN",2023 W27,25,2184987,1.1,27,12,43,-2,13,-18,1.25,0.53,1.97,-0.15,0.57,-0.87
"USA-TN",2023 W28,26,2185197,1.2,27,12,43,-1,14,-17,1.28,0.56,2,-0.08,0.64,-0.8
"USA-TX",2017 W01,122,10092725,1.2,112,86,139,10,36,-17,1.12,0.84,1.39,0.08,0.36,-0.19
"USA-TX",2017 W02,143,10093351,1.4,127,100,153,16,43,-10,1.25,0.98,1.52,0.15,0.42,-0.12
"USA-TX",2017 W03,119,10093977,1.2,113,86,139,6,33,-20,1.15,0.88,1.42,0.05,0.32,-0.22
"USA-TX",2017 W04,106,10094604,1.1,119,92,145,-13,14,-39,1.22,0.94,1.49,-0.12,0.16,-0.39
"USA-TX",2017 W05,103,10095230,1,110,83,136,-7,20,-33,1.08,0.81,1.36,-0.08,0.19,-0.36
"USA-TX",2017 W06,126,10095856,1.2,123,97,150,3,29,-24,1.22,0.94,1.49,-0.02,0.26,-0.29
"USA-TX",2017 W07,108,10096482,1.1,112,85,138,-4,23,-30,1.12,0.84,1.39,-0.02,0.26,-0.29
"USA-TX",2017 W08,104,10097109,1,112,85,138,-8,19,-34,1.08,0.81,1.36,-0.08,0.19,-0.36
"USA-TX",2017 W09,120,10097735,1.2,117,91,144,3,29,-24,1.18,0.91,1.46,0.02,0.29,-0.26
"USA-TX",2017 W10,129,10098361,1.3,120,93,146,9,36,-17,1.22,0.94,1.49,0.08,0.36,-0.19
"USA-TX",2017 W11,132,10098987,1.3,118,91,144,14,41,-12,1.15,0.88,1.42,0.15,0.42,-0.12
"USA-TX",2017 W12,116,10099614,1.1,117,90,143,-1,26,-27,1.12,0.84,1.39,-0.02,0.26,-0.29
"USA-TX",2017 W13,141,10100240,1.4,127,100,153,14,41,-12,1.25,0.98,1.52,0.15,0.42,-0.12
"USA-TX",2017 W14,116,10100866,1.1,108,81,134,8,35,-18,1.05,0.78,1.32,0.05,0.32,-0.22
"USA-TX",2017 W15,116,10101493,1.1,114,87,140,2,29,-24,1.12,0.84,1.39,-0.02,0.26,-0.29
"USA-TX",2017 W16,108,10102119,1.1,117,90,143,-9,18,-35,1.15,0.88,1.42,-0.05,0.22,-0.32
"USA-TX",2017 W17,109,10102745,1.1,109,82,135,0,27,-26,1.08,0.81,1.36,0.02,0.29,-0.26
"USA-TX",2017 W18,130,10103371,1.3,125,99,152,5,31,-22,1.25,0.98,1.52,0.05,0.32,-0.22
"USA-TX",2017 W19,122,10103998,1.2,127,100,153,-5,22,-31,1.25,0.98,1.52,-0.05,0.22,-0.32
"USA-TX",2017 W20,129,10104624,1.3,117,91,144,12,38,-15,1.15,0.88,1.42,0.15,0.42,-0.12
"USA-TX",2017 W21,115,10105250,1.1,113,86,139,2,29,-24,1.08,0.81,1.36,0.02,0.29,-0.26
"USA-TX",2017 W22,123,10105876,1.2,131,104,157,-8,19,-34,1.28,1.01,1.56,-0.08,0.19,-0.36
"USA-TX",2017 W23,120,10106503,1.2,124,97,150,-4,23,-30,1.22,0.94,1.49,-0.02,0.26,-0.29
"USA-TX",2017 W24,107,10107129,1.1,115,89,142,-8,18,-35,1.15,0.88,1.42,-0.05,0.22,-0.32
"USA-TX",2017 W25,110,10107755,1.1,111,84,137,-1,26,-27,1.08,0.81,1.36,0.02,0.29,-0.26
"USA-TX",2017 W26,122,10108381,1.2,118,91,144,4,31,-22,1.18,0.91,1.46,0.02,0.29,-0.26
"USA-TX",2017 W27,126,10109008,1.2,120,93,146,6,33,-20,1.15,0.88,1.42,0.05,0.32,-0.22
"USA-TX",2017 W28,119,10109634,1.2,107,80,133,12,39,-14,1.05,0.78,1.32,0.15,0.42,-0.12
"USA-TX",2017 W29,109,10110260,1.1,110,83,136,-1,26,-27,1.12,0.84,1.39,-0.02,0.26,-0.29
"USA-TX",2017 W30,130,10110886,1.3,129,102,155,1,28,-25,1.28,1.01,1.56,0.02,0.29,-0.26
"USA-TX",2017 W31,120,10111513,1.2,125,98,151,-5,22,-31,1.25,0.98,1.52,-0.05,0.22,-0.32
"USA-TX",2017 W32,114,10112139,1.1,120,93,146,-6,21,-32,1.15,0.88,1.42,-0.05,0.22,-0.32
"USA-TX",2017 W33,102,10112765,1,116,90,143,-14,12,-41,1.12,0.84,1.39,-0.12,0.16,-0.39
"USA-TX",2017 W34,119,10113391,1.2,110,83,136,9,36,-17,1.08,0.81,1.36,0.12,0.39,-0.16
"USA-TX",2017 W35,121,10114018,1.2,113,87,140,8,34,-19,1.12,0.84,1.39,0.08,0.36,-0.19
"USA-TX",2017 W36,117,10114644,1.2,122,95,148,-5,22,-31,1.22,0.94,1.49,-0.02,0.26,-0.29
"USA-TX",2017 W37,93,10115270,0.9,109,82,135,-16,11,-42,1.05,0.78,1.32,-0.15,0.12,-0.42
"USA-TX",2017 W38,115,10115896,1.1,121,94,147,-6,21,-32,1.18,0.91,1.46,-0.08,0.19,-0.36
"USA-TX",2017 W39,121,10116523,1.2,124,97,150,-3,24,-29,1.22,0.94,1.49,-0.02,0.26,-0.29
"USA-TX",2017 W40,118,10117149,1.2,111,85,138,7,33,-20,1.12,0.84,1.39,0.08,0.36,-0.19
"USA-TX",2017 W41,120,10117775,1.2,115,88,141,5,32,-21,1.15,0.88,1.42,0.05,0.32,-0.22
"USA-TX",2017 W42,110,10118402,1.1,107,81,134,3,29,-24,1.08,0.81,1.36,0.02,0.29,-0.26
"USA-TX",2017 W43,129,10119028,1.3,113,87,140,16,42,-11,1.15,0.88,1.42,0.15,0.42,-0.12
"USA-TX",2017 W44,115,10119654,1.1,114,87,140,1,28,-25,1.12,0.84,1.39,-0.02,0.26,-0.29
"USA-TX",2017 W45,112,10120280,1.1,125,98,151,-13,14,-39,1.22,0.94,1.49,-0.12,0.16,-0.39
"USA-TX",2017 W46,149,10120907,1.5,127,100,153,22,49,-4,1.28,1.01,1.56,0.22,0.49,-0.06
"USA-TX",2017 W47,128,10121533,1.3,118,92,145,10,36,-17,1.18,0.91,1.46,0.12,0.39,-0.16
"USA-TX",2017 W48,125,10122159,1.2,118,92,145,7,33,-20,1.15,0.88,1.42,0.05,0.32,-0.22
"USA-TX",2017 W49,120,10122785,1.2,120,94,147,0,26,-27,1.22,0.94,1.49,-0.02,0.26,-0.29
"USA-TX",2017 W50,122,10123412,1.2,122,96,149,0,26,-27,1.18,0.91,1.46,0.02,0.29,-0.26
"USA-TX",2017 W51,128,10124038,1.3,122,96,149,6,32,-21,1.22,0.94,1.49,0.08,0.36,-0.19
"USA-TX",2017 W52,134,10124664,1.3,130,103,156,4,31,-22,1.28,1.01,1.56,0.02,0.29,-0.26
"USA-TX",2018 W01,118,10125430,1.2,111,85,137,7,33,-19,1.1,0.83,1.37,0.1,0.37,-0.17
"USA-TX",2018 W02,106,10126382,1,126,99,152,-20,7,-46,1.23,0.96,1.51,-0.23,0.04,-0.51
"USA-TX",2018 W03,108,10127334,1.1,111,85,138,-3,23,-30,1.13,0.86,1.41,-0.03,0.24,-0.31
"USA-TX",2018 W04,147,10128286,1.5,118,91,144,29,56,3,1.2,0.93,1.47,0.3,0.57,0.03
"USA-TX",2018 W05,116,10129238,1.1,109,82,135,7,34,-19,1.07,0.79,1.34,0.03,0.31,-0.24
"USA-TX",2018 W06,127,10130191,1.3,122,96,148,5,31,-21,1.2,0.93,1.47,0.1,0.37,-0.17
"USA-TX",2018 W07,106,10131143,1,111,84,137,-5,22,-31,1.1,0.83,1.37,-0.1,0.17,-0.37
"USA-TX",2018 W08,105,10132095,1,111,84,137,-6,21,-32,1.07,0.79,1.34,-0.07,0.21,-0.34
"USA-TX",2018 W09,110,10133047,1.1,116,90,142,-6,20,-32,1.17,0.89,1.44,-0.07,0.21,-0.34
"USA-TX",2018 W10,118,10133999,1.2,118,92,145,0,26,-27,1.2,0.93,1.47,0,0.27,-0.27
"USA-TX",2018 W11,104,10134951,1,117,90,143,-13,14,-39,1.13,0.86,1.41,-0.13,0.14,-0.41
"USA-TX",2018 W12,115,10135903,1.1,116,89,142,-1,26,-27,1.1,0.83,1.37,0,0.27,-0.27
"USA-TX",2018 W13,110,10136855,1.1,125,99,152,-15,11,-42,1.23,0.96,1.51,-0.13,0.14,-0.41
"USA-TX",2018 W14,101,10137807,1,106,80,133,-5,21,-32,1.03,0.76,1.31,-0.03,0.24,-0.31
"USA-TX",2018 W15,102,10138759,1,112,86,139,-10,16,-37,1.1,0.83,1.37,-0.1,0.17,-0.37
"USA-TX",2018 W16,115,10139711,1.1,116,89,142,-1,26,-27,1.13,0.86,1.41,-0.03,0.24,-0.31
"USA-TX",2018 W17,114,10140664,1.1,108,81,134,6,33,-20,1.07,0.79,1.34,0.03,0.31,-0.24
"USA-TX",2018 W18,114,10141616,1.1,124,98,150,-10,16,-36,1.23,0.96,1.51,-0.13,0.14,-0.41
"USA-TX",2018 W19,124,10142568,1.2,126,99,152,-2,25,-28,1.23,0.96,1.51,-0.03,0.24,-0.31
"USA-TX",2018 W20,122,10143520,1.2,116,90,142,6,32,-20,1.13,0.86,1.41,0.07,0.34,-0.21
"USA-TX",2018 W21,114,10144472,1.1,112,85,138,2,29,-24,1.07,0.79,1.34,0.03,0.31,-0.24
"USA-TX",2018 W22,132,10145424,1.3,129,103,156,3,29,-24,1.27,0.99,1.54,0.03,0.31,-0.24
"USA-TX",2018 W23,114,10146376,1.1,123,96,149,-9,18,-35,1.2,0.93,1.47,-0.1,0.17,-0.37
"USA-TX",2018 W24,102,10147328,1,114,88,140,-12,14,-38,1.13,0.86,1.41,-0.13,0.14,-0.41
"USA-TX",2018 W25,114,10148280,1.1,109,83,136,5,31,-22,1.07,0.79,1.34,0.03,0.31,-0.24
"USA-TX",2018 W26,99,10149232,1,116,90,143,-17,9,-44,1.17,0.89,1.44,-0.17,0.11,-0.44
"USA-TX",2018 W27,103,10150185,1,119,92,145,-16,11,-42,1.13,0.86,1.41,-0.13,0.14,-0.41
"USA-TX",2018 W28,115,10151137,1.1,105,79,132,10,36,-17,1.03,0.76,1.31,0.07,0.34,-0.21
"USA-TX",2018 W29,98,10152089,1,108,82,135,-10,16,-37,1.1,0.83,1.37,-0.1,0.17,-0.37
"USA-TX",2018 W30,127,10153041,1.3,127,101,154,0,26,-27,1.27,0.99,1.54,0.03,0.31,-0.24
"USA-TX",2018 W31,128,10153993,1.3,124,97,150,4,31,-22,1.23,0.96,1.51,0.07,0.34,-0.21
"USA-TX",2018 W32,116,10154945,1.1,119,92,145,-3,24,-29,1.13,0.86,1.41,-0.03,0.24,-0.31
"USA-TX",2018 W33,115,10155897,1.1,115,89,141,0,26,-26,1.1,0.83,1.37,0,0.27,-0.27
"USA-TX",2018 W34,94,10156849,0.9,109,82,135,-15,12,-41,1.07,0.79,1.34,-0.17,0.11,-0.44
"USA-TX",2018 W35,103,10157801,1,112,86,138,-9,17,-35,1.1,0.83,1.37,-0.1,0.17,-0.37
"USA-TX",2018 W36,128,10158753,1.3,121,94,147,7,34,-19,1.2,0.93,1.47,0.1,0.37,-0.17
"USA-TX",2018 W37,123,10159705,1.2,108,81,134,15,42,-11,1.03,0.76,1.31,0.17,0.44,-0.11
"USA-TX",2018 W38,124,10160658,1.2,120,93,146,4,31,-22,1.17,0.89,1.44,0.03,0.31,-0.24
"USA-TX",2018 W39,124,10161610,1.2,122,96,149,2,28,-25,1.2,0.93,1.47,0,0.27,-0.27
"USA-TX",2018 W40,100,10162562,1,110,84,136,-10,16,-36,1.1,0.83,1.37,-0.1,0.17,-0.37
"USA-TX",2018 W41,109,10163514,1.1,113,87,140,-4,22,-31,1.13,0.86,1.41,-0.03,0.24,-0.31
"USA-TX",2018 W42,99,10164466,1,106,80,132,-7,19,-33,1.07,0.79,1.34,-0.07,0.21,-0.34
"USA-TX",2018 W43,99,10165418,1,112,86,138,-13,13,-39,1.13,0.86,1.41,-0.13,0.14,-0.41
"USA-TX",2018 W44,103,10166370,1,113,86,139,-10,17,-36,1.1,0.83,1.37,-0.1,0.17,-0.37
"USA-TX",2018 W45,137,10167322,1.3,124,97,150,13,40,-13,1.2,0.93,1.47,0.1,0.37,-0.17
"USA-TX",2018 W46,107,10168274,1.1,125,99,152,-18,8,-45,1.27,0.99,1.54,-0.17,0.11,-0.44
"USA-TX",2018 W47,108,10169226,1.1,117,91,143,-9,17,-35,1.17,0.89,1.44,-0.07,0.21,-0.34
"USA-TX",2018 W48,114,10170179,1.1,117,91,143,-3,23,-29,1.13,0.86,1.41,-0.03,0.24,-0.31
"USA-TX",2018 W49,117,10171131,1.2,119,93,145,-2,24,-28,1.2,0.93,1.47,0,0.27,-0.27
"USA-TX",2018 W50,106,10172083,1,121,95,147,-15,11,-41,1.17,0.89,1.44,-0.17,0.11,-0.44
"USA-TX",2018 W51,112,10173035,1.1,121,95,147,-9,17,-35,1.2,0.93,1.47,-0.1,0.17,-0.37
"USA-TX",2018 W52,102,10173987,1,129,102,155,-27,0,-53,1.27,0.99,1.54,-0.27,0.01,-0.54
"USA-TX",2019 W01,93,10175301,0.9,110,83,136,-17,10,-43,1.08,0.81,1.36,-0.18,0.09,-0.46
"USA-TX",2019 W02,128,10177413,1.3,124,98,151,4,30,-23,1.22,0.94,1.49,0.08,0.36,-0.19
"USA-TX",2019 W03,107,10179548,1.1,110,84,137,-3,23,-30,1.12,0.84,1.39,-0.02,0.26,-0.29
"USA-TX",2019 W04,100,10181684,1,116,90,143,-16,10,-43,1.18,0.91,1.46,-0.18,0.09,-0.46
"USA-TX",2019 W05,107,10183819,1.1,107,81,134,0,26,-27,1.05,0.78,1.32,0.05,0.32,-0.22
"USA-TX",2019 W06,113,10185955,1.1,121,94,147,-8,19,-34,1.18,0.91,1.46,-0.08,0.19,-0.36
"USA-TX",2019 W07,118,10188091,1.2,109,83,136,9,35,-18,1.08,0.81,1.36,0.12,0.39,-0.16
"USA-TX",2019 W08,123,10190226,1.2,109,83,136,14,40,-13,1.05,0.78,1.32,0.15,0.42,-0.12
"USA-TX",2019 W09,118,10192362,1.2,115,88,141,3,30,-23,1.15,0.88,1.42,0.05,0.32,-0.22
"USA-TX",2019 W10,108,10194497,1.1,117,91,144,-9,17,-36,1.18,0.91,1.46,-0.08,0.19,-0.36
"USA-TX",2019 W11,114,10196633,1.1,115,89,142,-1,25,-28,1.12,0.84,1.39,-0.02,0.26,-0.29
"USA-TX",2019 W12,116,10198768,1.1,114,88,141,2,28,-25,1.08,0.81,1.36,0.02,0.29,-0.26
"USA-TX",2019 W13,125,10200904,1.2,124,98,151,1,27,-26,1.22,0.94,1.49,-0.02,0.26,-0.29
"USA-TX",2019 W14,102,10203040,1,105,79,132,-3,23,-30,1.02,0.74,1.29,-0.02,0.26,-0.29
"USA-TX",2019 W15,119,10205175,1.2,111,85,138,8,34,-19,1.08,0.81,1.36,0.12,0.39,-0.16
"USA-TX",2019 W16,124,10207311,1.2,114,88,141,10,36,-17,1.12,0.84,1.39,0.08,0.36,-0.19
"USA-TX",2019 W17,100,10209446,1,106,80,133,-6,20,-33,1.05,0.78,1.32,-0.05,0.22,-0.32
"USA-TX",2019 W18,128,10211582,1.3,123,96,149,5,32,-21,1.22,0.94,1.49,0.08,0.36,-0.19
"USA-TX",2019 W19,131,10213718,1.3,124,98,151,7,33,-20,1.22,0.94,1.49,0.08,0.36,-0.19
"USA-TX",2019 W20,97,10215853,0.9,115,88,141,-18,9,-44,1.12,0.84,1.39,-0.22,0.06,-0.49
"USA-TX",2019 W21,106,10217989,1,110,84,137,-4,22,-31,1.05,0.78,1.32,-0.05,0.22,-0.32
"USA-TX",2019 W22,133,10220124,1.3,128,102,155,5,31,-22,1.25,0.98,1.52,0.05,0.32,-0.22
"USA-TX",2019 W23,134,10222260,1.3,121,95,148,13,39,-14,1.18,0.91,1.46,0.12,0.39,-0.16
"USA-TX",2019 W24,133,10224395,1.3,113,86,139,20,47,-6,1.12,0.84,1.39,0.18,0.46,-0.09
"USA-TX",2019 W25,104,10226531,1,108,82,135,-4,22,-31,1.05,0.78,1.32,-0.05,0.22,-0.32
"USA-TX",2019 W26,128,10228667,1.3,115,89,142,13,39,-14,1.15,0.88,1.42,0.15,0.42,-0.12
"USA-TX",2019 W27,127,10230802,1.2,117,91,144,10,36,-17,1.12,0.84,1.39,0.08,0.36,-0.19
"USA-TX",2019 W28,82,10232938,0.8,104,78,131,-22,4,-49,1.02,0.74,1.29,-0.22,0.06,-0.49
"USA-TX",2019 W29,118,10235073,1.2,107,81,134,11,37,-16,1.08,0.81,1.36,0.12,0.39,-0.16
"USA-TX",2019 W30,125,10237209,1.2,126,100,153,-1,25,-28,1.25,0.98,1.52,-0.05,0.22,-0.32
"USA-TX",2019 W31,123,10239344,1.2,122,96,149,1,27,-26,1.22,0.94,1.49,-0.02,0.26,-0.29
"USA-TX",2019 W32,126,10241480,1.2,117,91,144,9,35,-18,1.12,0.84,1.39,0.08,0.36,-0.19
"USA-TX",2019 W33,128,10243616,1.2,114,87,140,14,41,-12,1.08,0.81,1.36,0.12,0.39,-0.16
"USA-TX",2019 W34,113,10245751,1.1,107,81,134,6,32,-21,1.05,0.78,1.32,0.05,0.32,-0.22
"USA-TX",2019 W35,112,10247887,1.1,111,84,137,1,28,-25,1.08,0.81,1.36,0.02,0.29,-0.26
"USA-TX",2019 W36,117,10250022,1.1,119,93,146,-2,24,-29,1.18,0.91,1.46,-0.08,0.19,-0.36
"USA-TX",2019 W37,107,10252158,1,106,80,133,1,27,-26,1.02,0.74,1.29,-0.02,0.26,-0.29
"USA-TX",2019 W38,120,10254293,1.2,118,92,145,2,28,-25,1.15,0.88,1.42,0.05,0.32,-0.22
"USA-TX",2019 W39,122,10256429,1.2,121,95,148,1,27,-26,1.18,0.91,1.46,0.02,0.29,-0.26
"USA-TX",2019 W40,112,10258565,1.1,109,82,135,3,30,-23,1.08,0.81,1.36,0.02,0.29,-0.26
"USA-TX",2019 W41,111,10260700,1.1,112,86,139,-1,25,-28,1.12,0.84,1.39,-0.02,0.26,-0.29
"USA-TX",2019 W42,109,10262836,1.1,105,78,131,4,31,-22,1.05,0.78,1.32,0.05,0.32,-0.22
"USA-TX",2019 W43,108,10264971,1.1,111,84,137,-3,24,-29,1.12,0.84,1.39,-0.02,0.26,-0.29
"USA-TX",2019 W44,120,10267107,1.2,111,85,138,9,35,-18,1.08,0.81,1.36,0.12,0.39,-0.16
"USA-TX",2019 W45,122,10269242,1.2,122,96,149,0,26,-27,1.18,0.91,1.46,0.02,0.29,-0.26
"USA-TX",2019 W46,120,10271378,1.2,124,98,151,-4,22,-31,1.25,0.98,1.52,-0.05,0.22,-0.32
"USA-TX",2019 W47,115,10273514,1.1,116,89,142,-1,26,-27,1.15,0.88,1.42,-0.05,0.22,-0.32
"USA-TX",2019 W48,112,10275649,1.1,116,89,142,-4,23,-30,1.12,0.84,1.39,-0.02,0.26,-0.29
"USA-TX",2019 W49,120,10277785,1.2,118,91,144,2,29,-24,1.18,0.91,1.46,0.02,0.29,-0.26
"USA-TX",2019 W50,135,10279920,1.3,120,93,146,15,42,-11,1.15,0.88,1.42,0.15,0.42,-0.12
"USA-TX",2019 W51,123,10282056,1.2,120,93,146,3,30,-23,1.18,0.91,1.46,0.02,0.29,-0.26
"USA-TX",2019 W52,150,10284192,1.5,127,101,154,23,49,-4,1.25,0.98,1.52,0.25,0.52,-0.02
"USA-TX",2020 W01,127,10286087,1.2,109,82,135,18,45,-8,1.07,0.79,1.34,0.13,0.41,-0.14
"USA-TX",2020 W02,133,10287116,1.3,123,96,150,10,37,-17,1.2,0.92,1.48,0.1,0.38,-0.18
"USA-TX",2020 W03,120,10288073,1.2,109,82,136,11,38,-16,1.1,0.82,1.38,0.1,0.38,-0.18
"USA-TX",2020 W04,111,10289031,1.1,115,88,142,-4,23,-31,1.17,0.89,1.44,-0.07,0.21,-0.34
"USA-TX",2020 W05,105,10289988,1,106,79,133,-1,26,-28,1.03,0.76,1.31,-0.03,0.24,-0.31
"USA-TX",2020 W06,124,10290945,1.2,120,93,146,4,31,-22,1.17,0.89,1.44,0.03,0.31,-0.24
"USA-TX",2020 W07,120,10291903,1.2,108,81,135,12,39,-15,1.07,0.79,1.34,0.13,0.41,-0.14
"USA-TX",2020 W08,97,10292860,0.9,108,81,135,-11,16,-38,1.03,0.76,1.31,-0.13,0.14,-0.41
"USA-TX",2020 W09,116,10293817,1.1,114,87,140,2,29,-24,1.13,0.86,1.41,-0.03,0.24,-0.31
"USA-TX",2020 W10,120,10294775,1.2,116,89,143,4,31,-23,1.17,0.89,1.44,0.03,0.31,-0.24
"USA-TX",2020 W11,115,10295732,1.1,114,87,141,1,28,-26,1.1,0.82,1.38,0,0.28,-0.28
"USA-TX",2020 W12,112,10296689,1.1,113,86,140,-1,26,-28,1.07,0.79,1.34,0.03,0.31,-0.24
"USA-TX",2020 W13,115,10297647,1.1,123,96,150,-8,19,-35,1.2,0.92,1.48,-0.1,0.18,-0.38
"USA-TX",2020 W14,102,10298604,1,104,77,131,-2,25,-29,1,0.72,1.28,0,0.28,-0.28
"USA-TX",2020 W15,107,10299561,1,110,83,137,-3,24,-30,1.07,0.79,1.34,-0.07,0.21,-0.34
"USA-TX",2020 W16,119,10300519,1.2,113,86,140,6,33,-21,1.1,0.82,1.38,0.1,0.38,-0.18
"USA-TX",2020 W17,134,10301476,1.3,105,78,132,29,56,2,1.03,0.76,1.31,0.27,0.54,-0.01
"USA-TX",2020 W18,109,10302433,1.1,122,95,148,-13,14,-39,1.2,0.92,1.48,-0.1,0.18,-0.38
"USA-TX",2020 W19,119,10303391,1.2,123,96,150,-4,23,-31,1.2,0.92,1.48,0,0.28,-0.28
"USA-TX",2020 W20,123,10304348,1.2,114,87,140,9,36,-17,1.1,0.82,1.38,0.1,0.38,-0.18
"USA-TX",2020 W21,140,10305305,1.4,109,82,136,31,58,4,1.03,0.76,1.31,0.37,0.64,0.09
"USA-TX",2020 W22,106,10306263,1,127,100,154,-21,6,-48,1.23,0.96,1.51,-0.23,0.04,-0.51
"USA-TX",2020 W23,126,10307220,1.2,120,93,147,6,33,-21,1.17,0.89,1.44,0.03,0.31,-0.24
"USA-TX",2020 W24,154,10308177,1.5,112,85,138,42,69,16,1.1,0.82,1.38,0.4,0.68,0.12
"USA-TX",2020 W25,154,10309135,1.5,107,80,134,47,74,20,1.03,0.76,1.31,0.47,0.74,0.19
"USA-TX",2020 W26,154,10310092,1.5,114,87,141,40,67,13,1.13,0.86,1.41,0.37,0.64,0.09
"USA-TX",2020 W27,130,10311050,1.3,116,89,143,14,41,-13,1.1,0.82,1.38,0.2,0.48,-0.08
"USA-TX",2020 W28,150,10312007,1.5,103,76,130,47,74,20,1,0.72,1.28,0.5,0.78,0.22
"USA-TX",2020 W29,115,10312964,1.1,106,79,133,9,36,-18,1.07,0.79,1.34,0.03,0.31,-0.24
"USA-TX",2020 W30,123,10313922,1.2,125,98,152,-2,25,-29,1.23,0.96,1.51,-0.03,0.24,-0.31
"USA-TX",2020 W31,123,10314879,1.2,121,94,148,2,29,-25,1.2,0.92,1.48,0,0.28,-0.28
"USA-TX",2020 W32,128,10315836,1.2,116,89,143,12,39,-15,1.1,0.82,1.38,0.1,0.38,-0.18
"USA-TX",2020 W33,140,10316794,1.4,113,86,139,27,54,1,1.07,0.79,1.34,0.33,0.61,0.06
"USA-TX",2020 W34,132,10317751,1.3,106,79,133,26,53,-1,1.03,0.76,1.31,0.27,0.54,-0.01
"USA-TX",2020 W35,125,10318708,1.2,110,83,136,15,42,-11,1.07,0.79,1.34,0.13,0.41,-0.14
"USA-TX",2020 W36,114,10319666,1.1,118,91,145,-4,23,-31,1.17,0.89,1.44,-0.07,0.21,-0.34
"USA-TX",2020 W37,141,10320623,1.4,105,78,132,36,63,9,1,0.72,1.28,0.4,0.68,0.12
"USA-TX",2020 W38,129,10321580,1.2,117,90,144,12,39,-15,1.13,0.86,1.41,0.07,0.34,-0.21
"USA-TX",2020 W39,102,10322538,1,120,93,147,-18,9,-45,1.17,0.89,1.44,-0.17,0.11,-0.44
"USA-TX",2020 W40,121,10323495,1.2,108,81,134,13,40,-13,1.07,0.79,1.34,0.13,0.41,-0.14
"USA-TX",2020 W41,115,10324452,1.1,111,84,138,4,31,-23,1.1,0.82,1.38,0,0.28,-0.28
"USA-TX",2020 W42,119,10325410,1.2,104,77,130,15,42,-11,1.03,0.76,1.31,0.17,0.44,-0.11
"USA-TX",2020 W43,134,10326367,1.3,110,83,136,24,51,-2,1.1,0.82,1.38,0.2,0.48,-0.08
"USA-TX",2020 W44,114,10327324,1.1,110,83,137,4,31,-23,1.07,0.79,1.34,0.03,0.31,-0.24
"USA-TX",2020 W45,132,10328282,1.3,121,94,148,11,38,-16,1.17,0.89,1.44,0.13,0.41,-0.14
"USA-TX",2020 W46,128,10329239,1.2,123,96,150,5,32,-22,1.23,0.96,1.51,-0.03,0.24,-0.31
"USA-TX",2020 W47,132,10330196,1.3,115,88,141,17,44,-9,1.13,0.86,1.41,0.17,0.44,-0.11
"USA-TX",2020 W48,106,10331154,1,115,88,141,-9,18,-35,1.1,0.82,1.38,-0.1,0.18,-0.38
"USA-TX",2020 W49,95,10332111,0.9,117,90,143,-22,5,-48,1.17,0.89,1.44,-0.27,0.01,-0.54
"USA-TX",2020 W50,127,10333068,1.2,119,92,145,8,35,-18,1.13,0.86,1.41,0.07,0.34,-0.21
"USA-TX",2020 W51,121,10334026,1.2,119,92,145,2,29,-24,1.17,0.89,1.44,0.03,0.31,-0.24
"USA-TX",2020 W52,111,10334983,1.1,126,99,153,-15,12,-42,1.23,0.96,1.51,-0.13,0.14,-0.41
"USA-TX",2020 W53,142,10335953,1.4,107,80,135,35,62,7,1.05,0.77,1.33,0.35,0.63,0.07
"USA-TX",2021 W01,107,10337079,1,122,95,149,-15,12,-42,1.18,0.9,1.47,-0.18,0.1,-0.47
"USA-TX",2021 W02,125,10338247,1.2,108,80,135,17,45,-10,1.08,0.8,1.37,0.12,0.4,-0.17
"USA-TX",2021 W03,125,10339415,1.2,114,87,141,11,38,-16,1.15,0.87,1.43,0.05,0.33,-0.23
"USA-TX",2021 W04,117,10340584,1.1,105,78,132,12,39,-15,1.02,0.74,1.3,0.08,0.36,-0.2
"USA-TX",2021 W05,142,10341752,1.4,118,91,146,24,51,-4,1.15,0.87,1.43,0.25,0.53,-0.03
"USA-TX",2021 W06,119,10342921,1.2,107,80,134,12,39,-15,1.05,0.77,1.33,0.15,0.43,-0.13
"USA-TX",2021 W07,131,10344089,1.3,107,80,134,24,51,-3,1.02,0.74,1.3,0.28,0.56,0
"USA-TX",2021 W08,136,10345258,1.3,112,85,140,24,51,-4,1.12,0.84,1.4,0.18,0.46,-0.1
"USA-TX",2021 W09,120,10346426,1.2,115,87,142,5,33,-22,1.15,0.87,1.43,0.05,0.33,-0.23
"USA-TX",2021 W10,124,10347595,1.2,113,86,140,11,38,-16,1.08,0.8,1.37,0.12,0.4,-0.17
"USA-TX",2021 W11,141,10348763,1.4,112,85,139,29,56,2,1.05,0.77,1.33,0.35,0.63,0.07
"USA-TX",2021 W12,132,10349931,1.3,122,94,149,10,38,-17,1.18,0.9,1.47,0.12,0.4,-0.17
"USA-TX",2021 W13,114,10351100,1.1,103,75,130,11,39,-16,0.98,0.7,1.27,0.12,0.4,-0.17
"USA-TX",2021 W14,163,10352268,1.6,109,81,136,54,82,27,1.05,0.77,1.33,0.55,0.83,0.27
"USA-TX",2021 W15,133,10353437,1.3,112,85,139,21,48,-6,1.08,0.8,1.37,0.22,0.5,-0.07
"USA-TX",2021 W16,150,10354605,1.4,104,77,131,46,73,19,1.02,0.74,1.3,0.38,0.66,0.1
"USA-TX",2021 W17,139,10355774,1.3,120,93,148,19,46,-9,1.18,0.9,1.47,0.12,0.4,-0.17
"USA-TX",2021 W18,119,10356942,1.1,122,95,149,-3,24,-30,1.18,0.9,1.47,-0.08,0.2,-0.37
"USA-TX",2021 W19,116,10358111,1.1,112,85,140,4,31,-24,1.08,0.8,1.37,0.02,0.3,-0.27
"USA-TX",2021 W20,132,10359279,1.3,108,81,135,24,51,-3,1.02,0.74,1.3,0.28,0.56,0
"USA-TX",2021 W21,142,10360447,1.4,126,98,153,16,44,-11,1.22,0.94,1.5,0.18,0.46,-0.1
"USA-TX",2021 W22,145,10361616,1.4,119,92,146,26,53,-1,1.15,0.87,1.43,0.25,0.53,-0.03
"USA-TX",2021 W23,139,10362784,1.3,110,83,138,29,56,1,1.08,0.8,1.37,0.22,0.5,-0.07
"USA-TX",2021 W24,141,10363953,1.4,106,78,133,35,63,8,1.02,0.74,1.3,0.38,0.66,0.1
"USA-TX",2021 W25,154,10365121,1.5,113,85,140,41,69,14,1.12,0.84,1.4,0.38,0.66,0.1
"USA-TX",2021 W26,145,10366290,1.4,115,88,142,30,57,3,1.08,0.8,1.37,0.32,0.6,0.03
"USA-TX",2021 W27,120,10367458,1.2,102,74,129,18,46,-9,0.98,0.7,1.27,0.22,0.5,-0.07
"USA-TX",2021 W28,144,10368627,1.4,105,77,132,39,67,12,1.05,0.77,1.33,0.35,0.63,0.07
"USA-TX",2021 W29,131,10369795,1.3,124,96,151,7,35,-20,1.22,0.94,1.5,0.08,0.36,-0.2
"USA-TX",2021 W30,140,10370963,1.3,120,93,147,20,47,-7,1.18,0.9,1.47,0.12,0.4,-0.17
"USA-TX",2021 W31,113,10372132,1.1,115,88,142,-2,25,-29,1.08,0.8,1.37,0.02,0.3,-0.27
"USA-TX",2021 W32,157,10373300,1.5,111,84,139,46,73,18,1.05,0.77,1.33,0.45,0.73,0.17
"USA-TX",2021 W33,149,10374469,1.4,105,78,132,44,71,17,1.02,0.74,1.3,0.38,0.66,0.1
"USA-TX",2021 W34,137,10375637,1.3,108,81,136,29,56,1,1.05,0.77,1.33,0.25,0.53,-0.03
"USA-TX",2021 W35,139,10376806,1.3,117,90,144,22,49,-5,1.15,0.87,1.43,0.15,0.43,-0.13
"USA-TX",2021 W36,172,10377974,1.7,104,77,131,68,95,41,0.98,0.7,1.27,0.72,1,0.43
"USA-TX",2021 W37,151,10379143,1.5,116,89,143,35,62,8,1.12,0.84,1.4,0.38,0.66,0.1
"USA-TX",2021 W38,145,10380311,1.4,119,91,146,26,54,-1,1.15,0.87,1.43,0.25,0.53,-0.03
"USA-TX",2021 W39,158,10381479,1.5,106,79,134,52,79,24,1.05,0.77,1.33,0.45,0.73,0.17
"USA-TX",2021 W40,133,10382648,1.3,110,82,137,23,51,-4,1.08,0.8,1.37,0.22,0.5,-0.07
"USA-TX",2021 W41,139,10383816,1.3,102,75,130,37,64,9,1.02,0.74,1.3,0.28,0.56,0
"USA-TX",2021 W42,145,10384985,1.4,108,81,136,37,64,9,1.08,0.8,1.37,0.32,0.6,0.03
"USA-TX",2021 W43,127,10386153,1.2,109,82,136,18,45,-9,1.05,0.77,1.33,0.15,0.43,-0.13
"USA-TX",2021 W44,141,10387322,1.4,120,93,147,21,48,-6,1.15,0.87,1.43,0.25,0.53,-0.03
"USA-TX",2021 W45,124,10388490,1.2,122,94,149,2,30,-25,1.22,0.94,1.5,-0.02,0.26,-0.3
"USA-TX",2021 W46,126,10389658,1.2,113,86,141,13,40,-15,1.12,0.84,1.4,0.08,0.36,-0.2
"USA-TX",2021 W47,129,10390827,1.2,113,86,141,16,43,-12,1.08,0.8,1.37,0.12,0.4,-0.17
"USA-TX",2021 W48,145,10391995,1.4,115,88,143,30,57,2,1.15,0.87,1.43,0.25,0.53,-0.03
"USA-TX",2021 W49,133,10393164,1.3,117,90,145,16,43,-12,1.12,0.84,1.4,0.18,0.46,-0.1
"USA-TX",2021 W50,133,10394332,1.3,117,90,145,16,43,-12,1.15,0.87,1.43,0.15,0.43,-0.13
"USA-TX",2021 W51,145,10395501,1.4,125,98,152,20,47,-7,1.22,0.94,1.5,0.18,0.46,-0.1
"USA-TX",2021 W52,127,10396669,1.2,106,78,134,21,49,-7,1.03,0.75,1.32,0.17,0.45,-0.12
"USA-TX",2022 W01,117,10397838,1.1,121,93,149,-4,24,-32,1.17,0.88,1.46,-0.07,0.22,-0.36
"USA-TX",2022 W02,135,10399006,1.3,106,79,134,29,56,1,1.07,0.78,1.36,0.23,0.52,-0.06
"USA-TX",2022 W03,143,10400175,1.4,113,85,141,30,58,2,1.13,0.85,1.42,0.27,0.55,-0.02
"USA-TX",2022 W04,139,10401343,1.3,104,76,132,35,63,7,1,0.71,1.29,0.3,0.59,0.01
"USA-TX",2022 W05,132,10402512,1.3,117,89,145,15,43,-13,1.13,0.85,1.42,0.17,0.45,-0.12
"USA-TX",2022 W06,146,10403680,1.4,106,78,134,40,68,12,1.03,0.75,1.32,0.37,0.65,0.08
"USA-TX",2022 W07,128,10404849,1.2,106,78,134,22,50,-6,1,0.71,1.29,0.2,0.49,-0.09
"USA-TX",2022 W08,119,10406017,1.1,111,83,139,8,36,-20,1.1,0.81,1.39,0,0.29,-0.29
"USA-TX",2022 W09,129,10407185,1.2,113,86,141,16,43,-12,1.13,0.85,1.42,0.07,0.35,-0.22
"USA-TX",2022 W10,123,10408354,1.2,112,84,140,11,39,-17,1.07,0.78,1.36,0.13,0.42,-0.16
"USA-TX",2022 W11,154,10409522,1.5,111,83,139,43,71,15,1.03,0.75,1.32,0.47,0.75,0.18
"USA-TX",2022 W12,125,10410691,1.2,120,93,148,5,32,-23,1.17,0.88,1.46,0.03,0.32,-0.26
"USA-TX",2022 W13,113,10411859,1.1,101,74,129,12,39,-16,0.97,0.68,1.26,0.13,0.42,-0.16
"USA-TX",2022 W14,107,10413028,1,107,80,135,0,27,-28,1.03,0.75,1.32,-0.03,0.25,-0.32
"USA-TX",2022 W15,125,10414196,1.2,111,83,139,14,42,-14,1.07,0.78,1.36,0.13,0.42,-0.16
"USA-TX",2022 W16,142,10415365,1.4,103,75,131,39,67,11,1,0.71,1.29,0.4,0.69,0.11
"USA-TX",2022 W17,151,10416533,1.4,119,91,147,32,60,4,1.17,0.88,1.46,0.23,0.52,-0.06
"USA-TX",2022 W18,129,10417702,1.2,121,93,149,8,36,-20,1.17,0.88,1.46,0.03,0.32,-0.26
"USA-TX",2022 W19,147,10418870,1.4,111,83,139,36,64,8,1.07,0.78,1.36,0.33,0.62,0.04
"USA-TX",2022 W20,142,10420039,1.4,107,79,135,35,63,7,1,0.71,1.29,0.4,0.69,0.11
"USA-TX",2022 W21,148,10421207,1.4,124,97,152,24,51,-4,1.2,0.91,1.49,0.2,0.49,-0.09
"USA-TX",2022 W22,136,10422376,1.3,118,90,146,18,46,-10,1.13,0.85,1.42,0.17,0.45,-0.12
"USA-TX",2022 W23,137,10423544,1.3,109,81,137,28,56,0,1.07,0.78,1.36,0.23,0.52,-0.06
"USA-TX",2022 W24,178,10424713,1.7,104,77,132,74,101,46,1,0.71,1.29,0.7,0.99,0.41
"USA-TX",2022 W25,134,10425881,1.3,111,84,139,23,50,-5,1.1,0.81,1.39,0.2,0.49,-0.09
"USA-TX",2022 W26,169,10427050,1.6,114,86,142,55,83,27,1.07,0.78,1.36,0.53,0.82,0.24
"USA-TX",2022 W27,127,10428218,1.2,100,73,128,27,54,-1,0.97,0.68,1.26,0.23,0.52,-0.06
"USA-TX",2022 W28,162,10429387,1.6,103,76,131,59,86,31,1.03,0.75,1.32,0.57,0.85,0.28
"USA-TX",2022 W29,166,10430555,1.6,122,95,150,44,71,16,1.2,0.91,1.49,0.4,0.69,0.11
"USA-TX",2022 W30,158,10431724,1.5,119,91,147,39,67,11,1.17,0.88,1.46,0.33,0.62,0.04
"USA-TX",2022 W31,131,10432892,1.3,114,86,142,17,45,-11,1.07,0.78,1.36,0.23,0.52,-0.06
"USA-TX",2022 W32,136,10434061,1.3,110,82,138,26,54,-2,1.03,0.75,1.32,0.27,0.55,-0.02
"USA-TX",2022 W33,121,10435229,1.2,104,76,132,17,45,-11,1,0.71,1.29,0.2,0.49,-0.09
"USA-TX",2022 W34,130,10436398,1.2,107,79,135,23,51,-5,1.03,0.75,1.32,0.17,0.45,-0.12
"USA-TX",2022 W35,148,10437566,1.4,116,88,144,32,60,4,1.13,0.85,1.42,0.27,0.55,-0.02
"USA-TX",2022 W36,157,10438735,1.5,103,75,131,54,82,26,0.97,0.68,1.26,0.53,0.82,0.24
"USA-TX",2022 W37,141,10439903,1.4,115,87,143,26,54,-2,1.1,0.81,1.39,0.3,0.59,0.01
"USA-TX",2022 W38,143,10441071,1.4,117,90,145,26,53,-2,1.13,0.85,1.42,0.27,0.55,-0.02
"USA-TX",2022 W39,107,10442240,1,105,77,133,2,30,-26,1.03,0.75,1.32,-0.03,0.25,-0.32
"USA-TX",2022 W40,134,10443408,1.3,108,81,136,26,53,-2,1.07,0.78,1.36,0.23,0.52,-0.06
"USA-TX",2022 W41,138,10444577,1.3,101,73,129,37,65,9,1,0.71,1.29,0.3,0.59,0.01
"USA-TX",2022 W42,147,10445745,1.4,107,79,135,40,68,12,1.07,0.78,1.36,0.33,0.62,0.04
"USA-TX",2022 W43,131,10446914,1.3,108,80,136,23,51,-5,1.03,0.75,1.32,0.27,0.55,-0.02
"USA-TX",2022 W44,125,10448082,1.2,119,91,147,6,34,-22,1.13,0.85,1.42,0.07,0.35,-0.22
"USA-TX",2022 W45,120,10449251,1.1,120,93,148,0,27,-28,1.2,0.91,1.49,-0.1,0.19,-0.39
"USA-TX",2022 W46,147,10450419,1.4,112,84,140,35,63,7,1.1,0.81,1.39,0.3,0.59,0.01
"USA-TX",2022 W47,138,10451588,1.3,112,84,140,26,54,-2,1.07,0.78,1.36,0.23,0.52,-0.06
"USA-TX",2022 W48,139,10452756,1.3,114,86,142,25,53,-3,1.13,0.85,1.42,0.17,0.45,-0.12
"USA-TX",2022 W49,130,10453925,1.2,116,88,144,14,42,-14,1.1,0.81,1.39,0.1,0.39,-0.19
"USA-TX",2022 W50,133,10455093,1.3,116,88,144,17,45,-11,1.13,0.85,1.42,0.17,0.45,-0.12
"USA-TX",2022 W51,133,10456262,1.3,124,96,152,9,37,-19,1.2,0.91,1.49,0.1,0.39,-0.19
"USA-TX",2022 W52,142,10457430,1.4,105,76,134,37,66,8,1.02,0.72,1.31,0.38,0.68,0.09
"USA-TX",2023 W01,141,10458599,1.3,120,91,148,21,50,-7,1.15,0.85,1.45,0.15,0.45,-0.15
"USA-TX",2023 W02,127,10459767,1.2,105,77,134,22,50,-7,1.05,0.75,1.35,0.15,0.45,-0.15
"USA-TX",2023 W03,136,10460936,1.3,112,83,140,24,53,-4,1.12,0.82,1.41,0.18,0.48,-0.11
"USA-TX",2023 W04,113,10462104,1.1,103,74,131,10,39,-18,0.98,0.69,1.28,0.12,0.41,-0.18
"USA-TX",2023 W05,131,10463273,1.3,116,87,145,15,44,-14,1.12,0.82,1.41,0.18,0.48,-0.11
"USA-TX",2023 W06,129,10464441,1.2,105,76,133,24,53,-4,1.02,0.72,1.31,0.18,0.48,-0.11
"USA-TX",2023 W07,123,10465609,1.2,105,76,133,18,47,-10,0.98,0.69,1.28,0.22,0.51,-0.08
"USA-TX",2023 W08,127,10466778,1.2,110,81,139,17,46,-12,1.08,0.79,1.38,0.12,0.41,-0.18
"USA-TX",2023 W09,112,10467946,1.1,112,84,141,0,28,-29,1.12,0.82,1.41,-0.02,0.28,-0.31
"USA-TX",2023 W10,128,10469115,1.2,111,82,139,17,46,-11,1.05,0.75,1.35,0.15,0.45,-0.15
"USA-TX",2023 W11,122,10470283,1.2,110,81,138,12,41,-16,1.02,0.72,1.31,0.18,0.48,-0.11
"USA-TX",2023 W12,141,10471452,1.3,119,91,148,22,50,-7,1.15,0.85,1.45,0.15,0.45,-0.15
"USA-TX",2023 W13,122,10472620,1.2,100,72,129,22,50,-7,0.95,0.65,1.25,0.25,0.55,-0.05
"USA-TX",2023 W14,132,10473789,1.3,106,78,135,26,54,-3,1.02,0.72,1.31,0.28,0.58,-0.01
"USA-TX",2023 W15,133,10474957,1.3,110,81,138,23,52,-5,1.05,0.75,1.35,0.25,0.55,-0.05
"USA-TX",2023 W16,117,10476126,1.1,102,73,130,15,44,-13,0.98,0.69,1.28,0.12,0.41,-0.18
"USA-TX",2023 W17,146,10477294,1.4,118,89,147,28,57,-1,1.15,0.85,1.45,0.25,0.55,-0.05
"USA-TX",2023 W18,165,10478463,1.6,120,91,148,45,74,17,1.15,0.85,1.45,0.45,0.75,0.15
"USA-TX",2023 W19,139,10479631,1.3,110,81,139,29,58,0,1.05,0.75,1.35,0.25,0.55,-0.05
"USA-TX",2023 W20,130,10480799,1.2,106,77,134,24,53,-4,0.98,0.69,1.28,0.22,0.51,-0.08
"USA-TX",2023 W21,117,10481968,1.1,123,95,152,-6,22,-35,1.18,0.89,1.48,-0.08,0.21,-0.38
"USA-TX",2023 W22,139,10483136,1.3,117,88,145,22,51,-6,1.12,0.82,1.41,0.18,0.48,-0.11
"USA-TX",2023 W23,118,10484305,1.1,108,79,137,10,39,-19,1.05,0.75,1.35,0.05,0.35,-0.25
"USA-TX",2023 W24,137,10485473,1.3,103,75,132,34,62,5,0.98,0.69,1.28,0.32,0.61,0.02
"USA-TX",2023 W25,142,10486642,1.4,110,82,139,32,60,3,1.08,0.79,1.38,0.32,0.61,0.02
"USA-TX",2023 W26,114,10487810,1.1,113,84,141,1,30,-27,1.05,0.75,1.35,0.05,0.35,-0.25
"USA-TX",2023 W27,73,10488979,0.7,99,71,128,-26,2,-55,0.95,0.65,1.25,-0.25,0.05,-0.55
"USA-TX",2023 W28,63,10490147,0.6,102,74,131,-39,-11,-68,1.02,0.72,1.31,-0.42,-0.12,-0.71
"USA-VA",2017 W01,23,2648964,0.9,27,14,39,-4,9,-16,1.02,0.55,1.5,-0.12,0.35,-0.6
"USA-VA",2017 W02,24,2648812,0.9,24,12,37,0,12,-13,0.92,0.45,1.4,-0.02,0.45,-0.5
"USA-VA",2017 W03,29,2648661,1.1,27,15,40,2,14,-11,1.05,0.58,1.53,0.05,0.52,-0.43
"USA-VA",2017 W04,32,2648509,1.2,29,17,42,3,15,-10,1.12,0.65,1.6,0.08,0.55,-0.4
"USA-VA",2017 W05,21,2648358,0.8,23,11,36,-2,10,-15,0.89,0.41,1.36,-0.09,0.39,-0.56
"USA-VA",2017 W06,27,2648207,1,29,17,42,-2,10,-15,1.12,0.65,1.6,-0.12,0.35,-0.6
"USA-VA",2017 W07,34,2648055,1.3,25,13,38,9,21,-4,0.95,0.48,1.43,0.35,0.82,-0.13
"USA-VA",2017 W08,34,2647904,1.3,29,16,41,5,18,-7,1.09,0.61,1.56,0.21,0.69,-0.26
"USA-VA",2017 W09,25,2647753,0.9,33,21,46,-8,4,-21,1.22,0.75,1.7,-0.32,0.15,-0.8
"USA-VA",2017 W10,34,2647601,1.3,30,18,43,4,16,-9,1.12,0.65,1.6,0.18,0.65,-0.3
"USA-VA",2017 W11,29,2647450,1.1,28,15,40,1,14,-11,1.05,0.58,1.53,0.05,0.52,-0.43
"USA-VA",2017 W12,28,2647299,1.1,27,14,39,1,14,-11,1.02,0.55,1.5,0.08,0.55,-0.4
"USA-VA",2017 W13,32,2647147,1.2,27,15,40,5,17,-8,1.02,0.55,1.5,0.18,0.65,-0.3
"USA-VA",2017 W14,38,2646996,1.4,27,15,40,11,23,-2,1.02,0.55,1.5,0.38,0.85,-0.1
"USA-VA",2017 W15,29,2646845,1.1,26,13,38,3,16,-9,0.99,0.51,1.46,0.11,0.59,-0.36
"USA-VA",2017 W16,38,2646693,1.4,33,20,45,5,18,-7,1.22,0.75,1.7,0.18,0.65,-0.3
"USA-VA",2017 W17,26,2646542,1,25,13,38,1,13,-12,0.99,0.51,1.46,0.01,0.49,-0.46
"USA-VA",2017 W18,33,2646391,1.2,31,18,43,2,15,-10,1.15,0.68,1.63,0.05,0.52,-0.43
"USA-VA",2017 W19,25,2646239,0.9,26,14,39,-1,11,-14,0.99,0.51,1.46,-0.09,0.39,-0.56
"USA-VA",2017 W20,30,2646088,1.1,29,17,42,1,13,-12,1.12,0.65,1.6,-0.02,0.45,-0.5
"USA-VA",2017 W21,31,2645936,1.2,26,13,38,5,18,-7,0.99,0.51,1.46,0.21,0.69,-0.26
"USA-VA",2017 W22,23,2645785,0.9,25,12,37,-2,11,-14,0.95,0.48,1.43,-0.05,0.42,-0.53
"USA-VA",2017 W23,30,2645634,1.1,29,17,42,1,13,-12,1.12,0.65,1.6,-0.02,0.45,-0.5
"USA-VA",2017 W24,26,2645482,1,27,15,40,-1,11,-14,1.02,0.55,1.5,-0.02,0.45,-0.5
"USA-VA",2017 W25,36,2645331,1.4,28,16,41,8,20,-5,1.09,0.61,1.56,0.31,0.79,-0.16
"USA-VA",2017 W26,31,2645180,1.2,29,17,42,2,14,-11,1.12,0.65,1.6,0.08,0.55,-0.4
"USA-VA",2017 W27,29,2645028,1.1,35,23,48,-6,6,-19,1.35,0.88,1.83,-0.25,0.22,-0.73
"USA-VA",2017 W28,36,2644877,1.4,35,23,48,1,13,-12,1.32,0.85,1.8,0.08,0.55,-0.4
"USA-VA",2017 W29,17,2644726,0.6,26,14,39,-9,3,-22,0.99,0.51,1.46,-0.39,0.09,-0.86
"USA-VA",2017 W30,35,2644574,1.3,30,18,43,5,17,-8,1.15,0.68,1.63,0.15,0.62,-0.33
"USA-VA",2017 W31,32,2644423,1.2,27,14,39,5,18,-7,1.02,0.55,1.5,0.18,0.65,-0.3
"USA-VA",2017 W32,21,2644272,0.8,28,15,40,-7,6,-19,1.09,0.61,1.56,-0.29,0.19,-0.76
"USA-VA",2017 W33,22,2644120,0.8,27,14,39,-5,8,-17,0.99,0.51,1.46,-0.19,0.29,-0.66
"USA-VA",2017 W34,26,2643969,1,20,8,33,6,18,-7,0.75,0.28,1.23,0.25,0.72,-0.23
"USA-VA",2017 W35,19,2643817,0.7,29,17,42,-10,2,-23,1.12,0.65,1.6,-0.42,0.05,-0.9
"USA-VA",2017 W36,24,2643666,0.9,29,17,42,-5,7,-18,1.12,0.65,1.6,-0.22,0.25,-0.7
"USA-VA",2017 W37,26,2643515,1,27,14,39,-1,12,-13,1.02,0.55,1.5,-0.02,0.45,-0.5
"USA-VA",2017 W38,29,2643363,1.1,36,24,49,-7,5,-20,1.35,0.88,1.83,-0.25,0.22,-0.73
"USA-VA",2017 W39,26,2643212,1,28,16,41,-2,10,-15,1.09,0.61,1.56,-0.09,0.39,-0.56
"USA-VA",2017 W40,25,2643061,0.9,24,11,36,1,14,-11,0.89,0.41,1.36,0.01,0.49,-0.46
"USA-VA",2017 W41,28,2642909,1.1,31,18,43,-3,10,-15,1.15,0.68,1.63,-0.05,0.42,-0.53
"USA-VA",2017 W42,31,2642758,1.2,32,20,45,-1,11,-14,1.22,0.75,1.7,-0.02,0.45,-0.5
"USA-VA",2017 W43,27,2642607,1,29,17,42,-2,10,-15,1.09,0.61,1.56,-0.09,0.39,-0.56
"USA-VA",2017 W44,27,2642455,1,29,16,41,-2,11,-14,1.09,0.61,1.56,-0.09,0.39,-0.56
"USA-VA",2017 W45,18,2642304,0.7,22,9,34,-4,9,-16,0.82,0.35,1.3,-0.12,0.35,-0.6
"USA-VA",2017 W46,27,2642153,1,30,17,42,-3,10,-15,1.12,0.65,1.6,-0.12,0.35,-0.6
"USA-VA",2017 W47,19,2642001,0.7,23,11,36,-4,8,-17,0.85,0.38,1.33,-0.15,0.32,-0.63
"USA-VA",2017 W48,33,2641850,1.2,31,19,44,2,14,-11,1.15,0.68,1.63,0.05,0.52,-0.43
"USA-VA",2017 W49,26,2641699,1,25,12,37,1,14,-11,0.95,0.48,1.43,0.05,0.52,-0.43
"USA-VA",2017 W50,25,2641547,0.9,25,12,37,0,13,-12,0.92,0.45,1.4,-0.02,0.45,-0.5
"USA-VA",2017 W51,28,2641396,1.1,27,14,39,1,14,-11,1.02,0.55,1.5,0.08,0.55,-0.4
"USA-VA",2017 W52,33,2641244,1.2,29,17,42,4,16,-9,1.12,0.65,1.6,0.08,0.55,-0.4
"USA-VA",2018 W01,34,2641135,1.3,26,14,39,8,20,-5,1,0.53,1.47,0.3,0.77,-0.17
"USA-VA",2018 W02,23,2641080,0.9,24,11,36,-1,12,-13,0.9,0.43,1.37,0,0.47,-0.47
"USA-VA",2018 W03,23,2641025,0.9,27,14,40,-4,9,-17,1.03,0.56,1.51,-0.13,0.34,-0.61
"USA-VA",2018 W04,29,2640970,1.1,29,16,42,0,13,-13,1.1,0.63,1.57,0,0.47,-0.47
"USA-VA",2018 W05,18,2640916,0.7,23,10,36,-5,8,-18,0.87,0.39,1.34,-0.17,0.31,-0.64
"USA-VA",2018 W06,37,2640861,1.4,29,16,42,8,21,-5,1.1,0.63,1.57,0.3,0.77,-0.17
"USA-VA",2018 W07,24,2640806,0.9,25,12,38,-1,12,-14,0.93,0.46,1.41,-0.03,0.44,-0.51
"USA-VA",2018 W08,22,2640751,0.8,28,16,41,-6,6,-19,1.07,0.59,1.54,-0.27,0.21,-0.74
"USA-VA",2018 W09,43,2640697,1.6,33,20,45,10,23,-2,1.2,0.73,1.67,0.4,0.87,-0.07
"USA-VA",2018 W10,25,2640642,0.9,30,17,42,-5,8,-17,1.1,0.63,1.57,-0.2,0.27,-0.67
"USA-VA",2018 W11,26,2640587,1,27,15,40,-1,11,-14,1.03,0.56,1.51,-0.03,0.44,-0.51
"USA-VA",2018 W12,24,2640532,0.9,26,14,39,-2,10,-15,1,0.53,1.47,-0.1,0.37,-0.57
"USA-VA",2018 W13,22,2640477,0.8,27,14,39,-5,8,-17,1,0.53,1.47,-0.2,0.27,-0.67
"USA-VA",2018 W14,21,2640423,0.8,27,14,39,-6,7,-18,1,0.53,1.47,-0.2,0.27,-0.67
"USA-VA",2018 W15,29,2640368,1.1,25,13,38,4,16,-9,0.97,0.49,1.44,0.13,0.61,-0.34
"USA-VA",2018 W16,21,2640313,0.8,32,20,45,-11,1,-24,1.2,0.73,1.67,-0.4,0.07,-0.87
"USA-VA",2018 W17,28,2640258,1.1,25,12,37,3,16,-9,0.97,0.49,1.44,0.13,0.61,-0.34
"USA-VA",2018 W18,37,2640204,1.4,30,18,43,7,19,-6,1.13,0.66,1.61,0.27,0.74,-0.21
"USA-VA",2018 W19,25,2640149,0.9,26,13,39,-1,12,-14,0.97,0.49,1.44,-0.07,0.41,-0.54
"USA-VA",2018 W20,28,2640094,1.1,29,16,42,-1,12,-14,1.1,0.63,1.57,0,0.47,-0.47
"USA-VA",2018 W21,23,2640039,0.9,25,13,38,-2,10,-15,0.97,0.49,1.44,-0.07,0.41,-0.54
"USA-VA",2018 W22,20,2639985,0.8,24,12,37,-4,8,-17,0.93,0.46,1.41,-0.13,0.34,-0.61
"USA-VA",2018 W23,28,2639930,1.1,29,16,42,-1,12,-14,1.1,0.63,1.57,0,0.47,-0.47
"USA-VA",2018 W24,25,2639875,0.9,27,14,39,-2,11,-14,1,0.53,1.47,-0.1,0.37,-0.57
"USA-VA",2018 W25,21,2639820,0.8,28,15,41,-7,6,-20,1.07,0.59,1.54,-0.27,0.21,-0.74
"USA-VA",2018 W26,29,2639766,1.1,29,16,41,0,13,-12,1.1,0.63,1.57,0,0.47,-0.47
"USA-VA",2018 W27,42,2639711,1.6,35,22,48,7,20,-6,1.33,0.86,1.81,0.27,0.74,-0.21
"USA-VA",2018 W28,35,2639656,1.3,35,22,47,0,13,-12,1.3,0.83,1.77,0,0.47,-0.47
"USA-VA",2018 W29,31,2639601,1.2,26,13,39,5,18,-8,0.97,0.49,1.44,0.23,0.71,-0.24
"USA-VA",2018 W30,28,2639547,1.1,30,17,42,-2,11,-14,1.13,0.66,1.61,-0.03,0.44,-0.51
"USA-VA",2018 W31,26,2639492,1,26,14,39,0,12,-13,1,0.53,1.47,0,0.47,-0.47
"USA-VA",2018 W32,41,2639437,1.6,27,15,40,14,26,1,1.07,0.59,1.54,0.53,1.01,0.06
"USA-VA",2018 W33,30,2639382,1.1,26,14,39,4,16,-9,0.97,0.49,1.44,0.13,0.61,-0.34
"USA-VA",2018 W34,17,2639328,0.6,20,7,33,-3,10,-16,0.73,0.26,1.21,-0.13,0.34,-0.61
"USA-VA",2018 W35,39,2639273,1.5,29,16,41,10,23,-2,1.1,0.63,1.57,0.4,0.87,-0.07
"USA-VA",2018 W36,37,2639218,1.4,29,16,42,8,21,-5,1.1,0.63,1.57,0.3,0.77,-0.17
"USA-VA",2018 W37,23,2639163,0.9,26,14,39,-3,9,-16,1,0.53,1.47,-0.1,0.37,-0.57
"USA-VA",2018 W38,40,2639109,1.5,36,23,48,4,17,-8,1.33,0.86,1.81,0.17,0.64,-0.31
"USA-VA",2018 W39,28,2639054,1.1,28,15,41,0,13,-13,1.07,0.59,1.54,0.03,0.51,-0.44
"USA-VA",2018 W40,22,2638999,0.8,23,11,36,-1,11,-14,0.87,0.39,1.34,-0.07,0.41,-0.54
"USA-VA",2018 W41,30,2638944,1.1,30,18,43,0,12,-13,1.13,0.66,1.61,-0.03,0.44,-0.51
"USA-VA",2018 W42,35,2638890,1.3,32,19,44,3,16,-9,1.2,0.73,1.67,0.1,0.57,-0.37
"USA-VA",2018 W43,23,2638835,0.9,29,16,41,-6,7,-18,1.07,0.59,1.54,-0.17,0.31,-0.64
"USA-VA",2018 W44,32,2638780,1.2,28,16,41,4,16,-9,1.07,0.59,1.54,0.13,0.61,-0.34
"USA-VA",2018 W45,27,2638725,1,21,9,34,6,18,-7,0.8,0.33,1.27,0.2,0.67,-0.27
"USA-VA",2018 W46,32,2638671,1.2,29,17,42,3,15,-10,1.1,0.63,1.57,0.1,0.57,-0.37
"USA-VA",2018 W47,21,2638616,0.8,23,10,35,-2,11,-14,0.83,0.36,1.31,-0.03,0.44,-0.51
"USA-VA",2018 W48,24,2638561,0.9,31,18,44,-7,6,-20,1.13,0.66,1.61,-0.23,0.24,-0.71
"USA-VA",2018 W49,21,2638506,0.8,24,12,37,-3,9,-16,0.93,0.46,1.41,-0.13,0.34,-0.61
"USA-VA",2018 W50,25,2638452,0.9,24,12,37,1,13,-12,0.9,0.43,1.37,0,0.47,-0.47
"USA-VA",2018 W51,23,2638397,0.9,26,14,39,-3,9,-16,1,0.53,1.47,-0.1,0.37,-0.57
"USA-VA",2018 W52,23,2638342,0.9,29,16,42,-6,7,-19,1.1,0.63,1.57,-0.2,0.27,-0.67
"USA-VA",2019 W01,22,2638541,0.8,26,13,38,-4,9,-16,0.98,0.5,1.45,-0.18,0.3,-0.65
"USA-VA",2019 W02,24,2639298,0.9,23,11,36,1,13,-12,0.88,0.4,1.35,0.02,0.5,-0.45
"USA-VA",2019 W03,29,2640072,1.1,26,14,39,3,15,-10,1.01,0.54,1.49,0.09,0.56,-0.39
"USA-VA",2019 W04,26,2640846,1,28,16,41,-2,10,-15,1.08,0.6,1.55,-0.08,0.4,-0.55
"USA-VA",2019 W05,30,2641620,1.1,22,10,35,8,20,-5,0.85,0.37,1.32,0.25,0.73,-0.22
"USA-VA",2019 W06,23,2642394,0.9,28,16,41,-5,7,-18,1.08,0.6,1.55,-0.18,0.3,-0.65
"USA-VA",2019 W07,17,2643168,0.6,24,12,37,-7,5,-20,0.91,0.44,1.39,-0.31,0.16,-0.79
"USA-VA",2019 W08,29,2643942,1.1,28,15,40,1,14,-11,1.05,0.57,1.52,0.05,0.53,-0.42
"USA-VA",2019 W09,30,2644716,1.1,32,20,45,-2,10,-15,1.18,0.7,1.65,-0.08,0.4,-0.55
"USA-VA",2019 W10,30,2645490,1.1,29,17,42,1,13,-12,1.08,0.6,1.55,0.02,0.5,-0.45
"USA-VA",2019 W11,27,2646264,1,27,14,39,0,13,-12,1.01,0.54,1.49,-0.01,0.46,-0.49
"USA-VA",2019 W12,27,2647038,1,26,13,38,1,14,-11,0.98,0.5,1.45,0.02,0.5,-0.45
"USA-VA",2019 W13,26,2647812,1,26,14,39,0,12,-13,0.98,0.5,1.45,0.02,0.5,-0.45
"USA-VA",2019 W14,21,2648585,0.8,26,14,39,-5,7,-18,0.98,0.5,1.45,-0.18,0.3,-0.65
"USA-VA",2019 W15,18,2649359,0.7,25,12,37,-7,6,-19,0.95,0.47,1.42,-0.25,0.23,-0.72
"USA-VA",2019 W16,38,2650133,1.4,32,19,44,6,19,-6,1.18,0.7,1.65,0.22,0.7,-0.25
"USA-VA",2019 W17,20,2650907,0.8,24,12,37,-4,8,-17,0.95,0.47,1.42,-0.15,0.33,-0.62
"USA-VA",2019 W18,21,2651681,0.8,30,17,42,-9,4,-21,1.11,0.64,1.59,-0.31,0.16,-0.79
"USA-VA",2019 W19,28,2652455,1.1,26,13,38,2,15,-10,0.95,0.47,1.42,0.15,0.63,-0.32
"USA-VA",2019 W20,29,2653229,1.1,28,16,41,1,13,-12,1.08,0.6,1.55,0.02,0.5,-0.45
"USA-VA",2019 W21,22,2654003,0.8,25,12,37,-3,10,-15,0.95,0.47,1.42,-0.15,0.33,-0.62
"USA-VA",2019 W22,30,2654777,1.1,24,11,36,6,19,-6,0.91,0.44,1.39,0.19,0.66,-0.29
"USA-VA",2019 W23,29,2655551,1.1,28,16,41,1,13,-12,1.08,0.6,1.55,0.02,0.5,-0.45
"USA-VA",2019 W24,29,2656325,1.1,26,14,39,3,15,-10,0.98,0.5,1.45,0.12,0.6,-0.35
"USA-VA",2019 W25,27,2657099,1,27,15,40,0,12,-13,1.05,0.57,1.52,-0.05,0.43,-0.52
"USA-VA",2019 W26,26,2657873,1,28,16,41,-2,10,-15,1.08,0.6,1.55,-0.08,0.4,-0.55
"USA-VA",2019 W27,34,2658647,1.3,34,22,47,0,12,-13,1.31,0.84,1.79,-0.01,0.46,-0.49
"USA-VA",2019 W28,33,2659421,1.2,34,22,47,-1,11,-14,1.28,0.8,1.75,-0.08,0.4,-0.55
"USA-VA",2019 W29,30,2660195,1.1,25,13,38,5,17,-8,0.95,0.47,1.42,0.15,0.63,-0.32
"USA-VA",2019 W30,26,2660969,1,29,17,42,-3,9,-16,1.11,0.64,1.59,-0.11,0.36,-0.59
"USA-VA",2019 W31,21,2661743,0.8,26,13,38,-5,8,-17,0.98,0.5,1.45,-0.18,0.3,-0.65
"USA-VA",2019 W32,20,2662517,0.8,27,14,39,-7,6,-19,1.05,0.57,1.52,-0.25,0.23,-0.72
"USA-VA",2019 W33,27,2663291,1,26,13,38,1,14,-11,0.95,0.47,1.42,0.05,0.53,-0.42
"USA-VA",2019 W34,17,2664065,0.6,20,7,32,-2,10,-15,0.71,0.24,1.19,-0.11,0.36,-0.59
"USA-VA",2019 W35,28,2664838,1.1,28,16,41,0,12,-13,1.08,0.6,1.55,0.02,0.5,-0.45
"USA-VA",2019 W36,26,2665612,1,28,16,41,-2,10,-15,1.08,0.6,1.55,-0.08,0.4,-0.55
"USA-VA",2019 W37,30,2666386,1.1,26,13,38,4,17,-8,0.98,0.5,1.45,0.12,0.6,-0.35
"USA-VA",2019 W38,38,2667160,1.4,35,23,48,3,15,-10,1.31,0.84,1.79,0.09,0.56,-0.39
"USA-VA",2019 W39,30,2667934,1.1,27,15,40,3,15,-10,1.05,0.57,1.52,0.05,0.53,-0.42
"USA-VA",2019 W40,23,2668708,0.9,23,10,35,0,13,-12,0.85,0.37,1.32,0.05,0.53,-0.42
"USA-VA",2019 W41,33,2669482,1.2,30,17,42,3,16,-9,1.11,0.64,1.59,0.09,0.56,-0.39
"USA-VA",2019 W42,29,2670256,1.1,31,19,44,-2,10,-15,1.18,0.7,1.65,-0.08,0.4,-0.55
"USA-VA",2019 W43,36,2671030,1.3,28,16,41,8,20,-5,1.05,0.57,1.52,0.25,0.73,-0.22
"USA-VA",2019 W44,26,2671804,1,28,15,40,-2,11,-14,1.05,0.57,1.52,-0.05,0.43,-0.52
"USA-VA",2019 W45,19,2672578,0.7,21,8,33,-2,11,-14,0.78,0.3,1.25,-0.08,0.4,-0.55
"USA-VA",2019 W46,29,2673352,1.1,29,16,41,0,13,-12,1.08,0.6,1.55,0.02,0.5,-0.45
"USA-VA",2019 W47,28,2674126,1,22,10,35,6,18,-7,0.81,0.34,1.29,0.19,0.66,-0.29
"USA-VA",2019 W48,36,2674900,1.3,30,18,43,6,18,-7,1.11,0.64,1.59,0.19,0.66,-0.29
"USA-VA",2019 W49,26,2675674,1,24,11,36,2,15,-10,0.91,0.44,1.39,0.09,0.56,-0.39
"USA-VA",2019 W50,23,2676448,0.9,24,11,36,-1,12,-13,0.88,0.4,1.35,0.02,0.5,-0.45
"USA-VA",2019 W51,28,2677222,1,26,13,38,2,15,-10,0.98,0.5,1.45,0.02,0.5,-0.45
"USA-VA",2019 W52,31,2677996,1.2,28,16,41,3,15,-10,1.08,0.6,1.55,0.12,0.6,-0.35
"USA-VA",2020 W01,30,2678579,1.1,25,13,38,5,17,-8,0.96,0.48,1.44,0.14,0.62,-0.34
"USA-VA",2020 W02,36,2678479,1.3,23,10,35,13,26,1,0.86,0.38,1.34,0.44,0.92,-0.04
"USA-VA",2020 W03,32,2678321,1.2,26,13,39,6,19,-7,0.99,0.51,1.47,0.21,0.69,-0.27
"USA-VA",2020 W04,36,2678163,1.3,28,15,41,8,21,-5,1.06,0.58,1.54,0.24,0.72,-0.24
"USA-VA",2020 W05,32,2678005,1.2,22,9,35,10,23,-3,0.82,0.34,1.3,0.38,0.86,-0.1
"USA-VA",2020 W06,25,2677847,0.9,28,15,41,-3,10,-16,1.06,0.58,1.54,-0.16,0.32,-0.64
"USA-VA",2020 W07,24,2677689,0.9,24,11,37,0,13,-13,0.89,0.41,1.37,0.01,0.49,-0.47
"USA-VA",2020 W08,25,2677531,0.9,27,15,40,-2,10,-15,1.02,0.54,1.5,-0.12,0.36,-0.6
"USA-VA",2020 W09,19,2677374,0.7,32,19,44,-13,0,-25,1.16,0.68,1.64,-0.46,0.02,-0.94
"USA-VA",2020 W10,30,2677216,1.1,29,16,41,1,14,-11,1.06,0.58,1.54,0.04,0.52,-0.44
"USA-VA",2020 W11,21,2677058,0.8,26,14,39,-5,7,-18,0.99,0.51,1.47,-0.19,0.29,-0.67
"USA-VA",2020 W12,37,2676900,1.4,25,13,38,12,24,-1,0.96,0.48,1.44,0.44,0.92,-0.04
"USA-VA",2020 W13,31,2676742,1.2,26,13,38,5,18,-7,0.96,0.48,1.44,0.24,0.72,-0.24
"USA-VA",2020 W14,18,2676584,0.7,26,13,38,-8,5,-20,0.96,0.48,1.44,-0.26,0.22,-0.74
"USA-VA",2020 W15,23,2676426,0.9,24,12,37,-1,11,-14,0.92,0.44,1.4,-0.02,0.46,-0.5
"USA-VA",2020 W16,21,2676268,0.8,31,19,44,-10,2,-23,1.16,0.68,1.64,-0.36,0.12,-0.84
"USA-VA",2020 W17,46,2676111,1.7,24,11,36,22,35,10,0.92,0.44,1.4,0.78,1.26,0.3
"USA-VA",2020 W18,24,2675953,0.9,29,17,42,-5,7,-18,1.09,0.61,1.57,-0.19,0.29,-0.67
"USA-VA",2020 W19,25,2675795,0.9,25,12,38,0,13,-13,0.92,0.44,1.4,-0.02,0.46,-0.5
"USA-VA",2020 W20,37,2675637,1.4,28,15,41,9,22,-4,1.06,0.58,1.54,0.34,0.82,-0.14
"USA-VA",2020 W21,27,2675479,1,24,12,37,3,15,-10,0.92,0.44,1.4,0.08,0.56,-0.4
"USA-VA",2020 W22,18,2675321,0.7,23,11,36,-5,7,-18,0.89,0.41,1.37,-0.19,0.29,-0.67
"USA-VA",2020 W23,24,2675163,0.9,28,15,41,-4,9,-17,1.06,0.58,1.54,-0.16,0.32,-0.64
"USA-VA",2020 W24,35,2675006,1.3,26,13,38,9,22,-3,0.96,0.48,1.44,0.34,0.82,-0.14
"USA-VA",2020 W25,24,2674848,0.9,27,14,40,-3,10,-16,1.02,0.54,1.5,-0.12,0.36,-0.6
"USA-VA",2020 W26,30,2674690,1.1,28,15,40,2,15,-10,1.06,0.58,1.54,0.04,0.52,-0.44
"USA-VA",2020 W27,38,2674532,1.4,34,21,47,4,17,-9,1.29,0.81,1.77,0.11,0.59,-0.37
"USA-VA",2020 W28,33,2674374,1.2,34,21,46,-1,12,-13,1.26,0.78,1.74,-0.06,0.42,-0.54
"USA-VA",2020 W29,33,2674216,1.2,25,12,38,8,21,-5,0.92,0.44,1.4,0.28,0.76,-0.2
"USA-VA",2020 W30,27,2674058,1,29,16,41,-2,11,-14,1.09,0.61,1.57,-0.09,0.39,-0.57
"USA-VA",2020 W31,25,2673901,0.9,25,13,38,0,12,-13,0.96,0.48,1.44,-0.06,0.42,-0.54
"USA-VA",2020 W32,44,2673743,1.6,26,14,39,18,30,5,1.02,0.54,1.5,0.58,1.06,0.1
"USA-VA",2020 W33,31,2673585,1.2,25,13,38,6,18,-7,0.92,0.44,1.4,0.28,0.76,-0.2
"USA-VA",2020 W34,34,2673427,1.3,19,6,32,15,28,2,0.69,0.21,1.17,0.61,1.09,0.13
"USA-VA",2020 W35,52,2673269,1.9,28,15,40,24,37,12,1.06,0.58,1.54,0.84,1.32,0.36
"USA-VA",2020 W36,27,2673111,1,28,15,41,-1,12,-14,1.06,0.58,1.54,-0.06,0.42,-0.54
"USA-VA",2020 W37,38,2672953,1.4,25,13,38,13,25,0,0.96,0.48,1.44,0.44,0.92,-0.04
"USA-VA",2020 W38,42,2672796,1.6,35,22,47,7,20,-5,1.29,0.81,1.77,0.31,0.79,-0.17
"USA-VA",2020 W39,31,2672638,1.2,27,14,40,4,17,-9,1.02,0.54,1.5,0.18,0.66,-0.3
"USA-VA",2020 W40,36,2672480,1.3,22,10,35,14,26,1,0.82,0.34,1.3,0.48,0.96,0
"USA-VA",2020 W41,23,2672322,0.9,29,17,42,-6,6,-19,1.09,0.61,1.57,-0.19,0.29,-0.67
"USA-VA",2020 W42,33,2672164,1.2,31,18,43,2,15,-10,1.16,0.68,1.64,0.04,0.52,-0.44
"USA-VA",2020 W43,27,2672006,1,28,15,40,-1,12,-13,1.02,0.54,1.5,-0.02,0.46,-0.5
"USA-VA",2020 W44,34,2671848,1.3,27,15,40,7,19,-6,1.02,0.54,1.5,0.28,0.76,-0.2
"USA-VA",2020 W45,33,2671690,1.2,20,8,33,13,25,0,0.76,0.28,1.24,0.44,0.92,-0.04
"USA-VA",2020 W46,38,2671533,1.4,28,16,41,10,22,-3,1.06,0.58,1.54,0.34,0.82,-0.14
"USA-VA",2020 W47,30,2671375,1.1,22,9,34,8,21,-4,0.79,0.31,1.27,0.31,0.79,-0.17
"USA-VA",2020 W48,33,2671217,1.2,30,17,43,3,16,-10,1.09,0.61,1.57,0.11,0.59,-0.37
"USA-VA",2020 W49,30,2671059,1.1,23,11,36,7,19,-6,0.89,0.41,1.37,0.21,0.69,-0.27
"USA-VA",2020 W50,19,2670901,0.7,23,11,36,-4,8,-17,0.86,0.38,1.34,-0.16,0.32,-0.64
"USA-VA",2020 W51,30,2670743,1.1,25,13,38,5,17,-8,0.96,0.48,1.44,0.14,0.62,-0.34
"USA-VA",2020 W52,31,2670585,1.2,28,15,41,3,16,-10,1.06,0.58,1.54,0.14,0.62,-0.34
"USA-VA",2020 W53,46,2670443,1.7,25,12,38,21,34,8,0.94,0.45,1.42,0.76,1.25,0.28
"USA-VA",2021 W01,28,2670493,1,22,9,35,6,19,-7,0.84,0.35,1.32,0.16,0.65,-0.32
"USA-VA",2021 W02,28,2670595,1,26,13,38,2,15,-10,0.97,0.48,1.46,0.03,0.52,-0.46
"USA-VA",2021 W03,38,2670697,1.4,28,15,40,10,23,-2,1.04,0.55,1.52,0.36,0.85,-0.12
"USA-VA",2021 W04,32,2670800,1.2,21,9,34,11,23,-2,0.8,0.32,1.29,0.4,0.88,-0.09
"USA-VA",2021 W05,25,2670902,0.9,27,15,40,-2,10,-15,1.04,0.55,1.52,-0.14,0.35,-0.62
"USA-VA",2021 W06,24,2671005,0.9,24,11,36,0,13,-12,0.87,0.38,1.36,0.03,0.52,-0.46
"USA-VA",2021 W07,30,2671107,1.1,27,14,40,3,16,-10,1,0.52,1.49,0.1,0.58,-0.39
"USA-VA",2021 W08,35,2671209,1.3,31,18,44,4,17,-9,1.14,0.65,1.62,0.16,0.65,-0.32
"USA-VA",2021 W09,37,2671312,1.4,28,15,41,9,22,-4,1.04,0.55,1.52,0.36,0.85,-0.12
"USA-VA",2021 W10,28,2671414,1,26,13,39,2,15,-11,0.97,0.48,1.46,0.03,0.52,-0.46
"USA-VA",2021 W11,26,2671516,1,25,12,38,1,14,-12,0.94,0.45,1.42,0.06,0.55,-0.42
"USA-VA",2021 W12,30,2671619,1.1,25,12,38,5,18,-8,0.94,0.45,1.42,0.16,0.65,-0.32
"USA-VA",2021 W13,34,2671721,1.3,25,12,38,9,22,-4,0.94,0.45,1.42,0.36,0.85,-0.12
"USA-VA",2021 W14,46,2671824,1.7,24,11,37,22,35,9,0.9,0.42,1.39,0.8,1.28,0.31
"USA-VA",2021 W15,43,2671926,1.6,31,18,44,12,25,-1,1.14,0.65,1.62,0.46,0.95,-0.02
"USA-VA",2021 W16,27,2672028,1,23,10,36,4,17,-9,0.9,0.42,1.39,0.1,0.58,-0.39
"USA-VA",2021 W17,36,2672131,1.3,29,16,42,7,20,-6,1.07,0.58,1.56,0.23,0.72,-0.26
"USA-VA",2021 W18,33,2672233,1.2,24,12,37,8,21,-4,0.9,0.42,1.39,0.3,0.78,-0.19
"USA-VA",2021 W19,39,2672335,1.5,27,15,40,12,24,-1,1.04,0.55,1.52,0.46,0.95,-0.02
"USA-VA",2021 W20,30,2672438,1.1,24,11,37,6,19,-7,0.9,0.42,1.39,0.2,0.68,-0.29
"USA-VA",2021 W21,42,2672540,1.6,23,10,36,19,32,6,0.87,0.38,1.36,0.73,1.22,0.24
"USA-VA",2021 W22,36,2672643,1.3,27,15,40,9,21,-4,1.04,0.55,1.52,0.26,0.75,-0.22
"USA-VA",2021 W23,33,2672745,1.2,25,12,38,8,21,-5,0.94,0.45,1.42,0.26,0.75,-0.22
"USA-VA",2021 W24,28,2672847,1,26,14,39,2,14,-11,1,0.52,1.49,0,0.48,-0.49
"USA-VA",2021 W25,32,2672950,1.2,27,14,40,5,18,-8,1.04,0.55,1.52,0.16,0.65,-0.32
"USA-VA",2021 W26,40,2673052,1.5,34,21,46,6,19,-6,1.27,0.78,1.76,0.23,0.72,-0.26
"USA-VA",2021 W27,24,2673154,0.9,33,20,46,-9,4,-22,1.24,0.75,1.72,-0.34,0.15,-0.82
"USA-VA",2021 W28,39,2673257,1.5,24,12,37,14,27,2,0.9,0.42,1.39,0.6,1.08,0.11
"USA-VA",2021 W29,34,2673359,1.3,28,15,41,6,19,-7,1.07,0.58,1.56,0.23,0.72,-0.26
"USA-VA",2021 W30,32,2673462,1.2,25,12,38,7,20,-6,0.94,0.45,1.42,0.26,0.75,-0.22
"USA-VA",2021 W31,36,2673564,1.3,26,13,39,10,23,-3,1,0.52,1.49,0.3,0.78,-0.19
"USA-VA",2021 W32,38,2673666,1.4,25,12,38,13,26,0,0.9,0.42,1.39,0.5,0.98,0.01
"USA-VA",2021 W33,36,2673769,1.3,18,6,31,18,30,5,0.67,0.18,1.16,0.63,1.12,0.14
"USA-VA",2021 W34,32,2673871,1.2,27,14,40,5,18,-8,1.04,0.55,1.52,0.16,0.65,-0.32
"USA-VA",2021 W35,26,2673973,1,28,15,40,-2,11,-14,1.04,0.55,1.52,-0.04,0.45,-0.52
"USA-VA",2021 W36,30,2674076,1.1,25,12,38,5,18,-8,0.94,0.45,1.42,0.16,0.65,-0.32
"USA-VA",2021 W37,32,2674178,1.2,34,21,47,-2,11,-15,1.27,0.78,1.76,-0.07,0.42,-0.56
"USA-VA",2021 W38,32,2674281,1.2,26,14,39,6,18,-7,1,0.52,1.49,0.2,0.68,-0.29
"USA-VA",2021 W39,35,2674383,1.3,22,9,35,13,26,0,0.8,0.32,1.29,0.5,0.98,0.01
"USA-VA",2021 W40,31,2674485,1.2,29,16,42,2,15,-11,1.07,0.58,1.56,0.13,0.62,-0.36
"USA-VA",2021 W41,35,2674588,1.3,30,17,43,5,18,-8,1.14,0.65,1.62,0.16,0.65,-0.32
"USA-VA",2021 W42,35,2674690,1.3,27,14,40,8,21,-5,1,0.52,1.49,0.3,0.78,-0.19
"USA-VA",2021 W43,43,2674792,1.6,27,14,40,16,29,3,1,0.52,1.49,0.6,1.08,0.11
"USA-VA",2021 W44,28,2674895,1,20,7,33,8,21,-5,0.74,0.25,1.22,0.26,0.75,-0.22
"USA-VA",2021 W45,33,2674997,1.2,28,15,41,5,18,-8,1.04,0.55,1.52,0.16,0.65,-0.32
"USA-VA",2021 W46,25,2675100,0.9,21,8,34,4,17,-9,0.77,0.28,1.26,0.13,0.62,-0.36
"USA-VA",2021 W47,27,2675202,1,30,17,42,-2,10,-15,1.07,0.58,1.56,-0.07,0.42,-0.56
"USA-VA",2021 W48,29,2675304,1.1,23,10,36,6,19,-7,0.87,0.38,1.36,0.23,0.72,-0.26
"USA-VA",2021 W49,30,2675407,1.1,23,10,36,7,20,-6,0.84,0.35,1.32,0.26,0.75,-0.22
"USA-VA",2021 W50,34,2675509,1.3,25,12,38,9,22,-4,0.94,0.45,1.42,0.36,0.85,-0.12
"USA-VA",2021 W51,36,2675611,1.3,28,15,40,8,21,-4,1.04,0.55,1.52,0.26,0.75,-0.22
"USA-VA",2021 W52,27,2675714,1,24,11,38,3,16,-11,0.92,0.42,1.41,0.08,0.58,-0.41
"USA-VA",2022 W01,24,2675816,0.9,22,8,35,2,16,-11,0.82,0.32,1.31,0.08,0.58,-0.41
"USA-VA",2022 W02,29,2675919,1.1,25,12,38,4,17,-9,0.95,0.45,1.45,0.15,0.65,-0.35
"USA-VA",2022 W03,27,2676021,1,27,14,40,0,13,-13,1.02,0.52,1.51,-0.02,0.48,-0.51
"USA-VA",2022 W04,31,2676123,1.2,21,8,34,10,23,-3,0.78,0.28,1.28,0.42,0.92,-0.08
"USA-VA",2022 W05,35,2676226,1.3,27,14,40,8,21,-5,1.02,0.52,1.51,0.28,0.78,-0.21
"USA-VA",2022 W06,33,2676328,1.2,23,10,36,10,23,-3,0.85,0.35,1.35,0.35,0.85,-0.15
"USA-VA",2022 W07,30,2676430,1.1,26,13,40,4,17,-10,0.98,0.48,1.48,0.12,0.62,-0.38
"USA-VA",2022 W08,23,2676533,0.9,31,17,44,-8,6,-21,1.12,0.62,1.61,-0.22,0.28,-0.71
"USA-VA",2022 W09,27,2676635,1,28,14,41,-1,13,-14,1.02,0.52,1.51,-0.02,0.48,-0.51
"USA-VA",2022 W10,35,2676738,1.3,25,12,39,10,23,-4,0.95,0.45,1.45,0.35,0.85,-0.15
"USA-VA",2022 W11,37,2676840,1.4,24,11,38,13,26,-1,0.92,0.42,1.41,0.48,0.98,-0.01
"USA-VA",2022 W12,23,2676942,0.9,25,11,38,-2,12,-15,0.92,0.42,1.41,-0.02,0.48,-0.51
"USA-VA",2022 W13,36,2677045,1.3,25,11,38,11,25,-2,0.92,0.42,1.41,0.38,0.88,-0.11
"USA-VA",2022 W14,30,2677147,1.1,23,10,37,7,20,-7,0.88,0.38,1.38,0.22,0.72,-0.28
"USA-VA",2022 W15,40,2677250,1.5,30,17,44,10,23,-4,1.12,0.62,1.61,0.38,0.88,-0.11
"USA-VA",2022 W16,29,2677352,1.1,23,9,36,6,20,-7,0.88,0.38,1.38,0.22,0.72,-0.28
"USA-VA",2022 W17,28,2677454,1,28,15,42,0,13,-14,1.05,0.55,1.55,-0.05,0.45,-0.55
"USA-VA",2022 W18,33,2677557,1.2,24,11,37,9,22,-4,0.88,0.38,1.38,0.32,0.82,-0.18
"USA-VA",2022 W19,40,2677659,1.5,27,14,40,13,26,0,1.02,0.52,1.51,0.48,0.98,-0.01
"USA-VA",2022 W20,48,2677762,1.8,23,10,37,25,38,11,0.88,0.38,1.38,0.92,1.42,0.42
"USA-VA",2022 W21,27,2677864,1,22,9,36,5,18,-9,0.85,0.35,1.35,0.15,0.65,-0.35
"USA-VA",2022 W22,35,2677966,1.3,27,14,40,8,21,-5,1.02,0.52,1.51,0.28,0.78,-0.21
"USA-VA",2022 W23,40,2678069,1.5,25,11,38,15,29,2,0.92,0.42,1.41,0.58,1.08,0.09
"USA-VA",2022 W24,35,2678171,1.3,26,13,39,9,22,-4,0.98,0.48,1.48,0.32,0.82,-0.18
"USA-VA",2022 W25,34,2678274,1.3,27,13,40,7,21,-6,1.02,0.52,1.51,0.28,0.78,-0.21
"USA-VA",2022 W26,38,2678376,1.4,33,20,46,5,18,-8,1.25,0.75,1.75,0.15,0.65,-0.35
"USA-VA",2022 W27,34,2678478,1.3,33,19,46,1,15,-12,1.22,0.72,1.71,0.08,0.58,-0.41
"USA-VA",2022 W28,30,2678581,1.1,24,11,37,6,19,-7,0.88,0.38,1.38,0.22,0.72,-0.28
"USA-VA",2022 W29,35,2678683,1.3,28,14,41,7,21,-6,1.05,0.55,1.55,0.25,0.75,-0.25
"USA-VA",2022 W30,27,2678785,1,24,11,38,3,16,-11,0.92,0.42,1.41,0.08,0.58,-0.41
"USA-VA",2022 W31,39,2678888,1.5,25,12,39,14,27,0,0.98,0.48,1.48,0.52,1.02,0.02
"USA-VA",2022 W32,26,2678990,1,24,11,38,2,15,-12,0.88,0.38,1.38,0.12,0.62,-0.38
"USA-VA",2022 W33,22,2679093,0.8,18,5,31,4,17,-9,0.65,0.15,1.15,0.15,0.65,-0.35
"USA-VA",2022 W34,35,2679195,1.3,27,13,40,8,22,-5,1.02,0.52,1.51,0.28,0.78,-0.21
"USA-VA",2022 W35,36,2679297,1.3,27,14,40,9,22,-4,1.02,0.52,1.51,0.28,0.78,-0.21
"USA-VA",2022 W36,31,2679400,1.2,24,11,38,7,20,-7,0.92,0.42,1.41,0.28,0.78,-0.21
"USA-VA",2022 W37,32,2679502,1.2,34,20,47,-2,12,-15,1.25,0.75,1.75,-0.05,0.45,-0.55
"USA-VA",2022 W38,32,2679605,1.2,26,13,39,6,19,-7,0.98,0.48,1.48,0.22,0.72,-0.28
"USA-VA",2022 W39,44,2679707,1.6,21,8,35,23,36,9,0.78,0.28,1.28,0.82,1.32,0.32
"USA-VA",2022 W40,28,2679809,1,28,15,42,0,13,-14,1.05,0.55,1.55,-0.05,0.45,-0.55
"USA-VA",2022 W41,23,2679912,0.9,30,16,43,-7,7,-20,1.12,0.62,1.61,-0.22,0.28,-0.71
"USA-VA",2022 W42,40,2680014,1.5,27,13,40,13,27,0,0.98,0.48,1.48,0.52,1.02,0.02
"USA-VA",2022 W43,28,2680117,1,26,13,40,2,15,-12,0.98,0.48,1.48,0.02,0.52,-0.48
"USA-VA",2022 W44,35,2680219,1.3,19,6,33,16,29,2,0.72,0.22,1.21,0.58,1.08,0.09
"USA-VA",2022 W45,35,2680321,1.3,27,14,41,8,21,-6,1.02,0.52,1.51,0.28,0.78,-0.21
"USA-VA",2022 W46,38,2680424,1.4,21,7,34,17,31,4,0.75,0.25,1.25,0.65,1.15,0.15
"USA-VA",2022 W47,37,2680526,1.4,29,16,42,8,21,-5,1.05,0.55,1.55,0.35,0.85,-0.15
"USA-VA",2022 W48,25,2680629,0.9,22,9,36,3,16,-11,0.85,0.35,1.35,0.05,0.55,-0.45
"USA-VA",2022 W49,30,2680731,1.1,22,9,36,8,21,-6,0.82,0.32,1.31,0.28,0.78,-0.21
"USA-VA",2022 W50,28,2680833,1,24,11,38,4,17,-10,0.92,0.42,1.41,0.08,0.58,-0.41
"USA-VA",2022 W51,31,2680936,1.2,27,14,40,4,17,-9,1.02,0.52,1.51,0.18,0.68,-0.31
"USA-VA",2022 W52,37,2681038,1.4,24,10,37,13,27,0,0.89,0.38,1.41,0.51,1.02,-0.01
"USA-VA",2023 W01,33,2681140,1.2,21,8,35,12,25,-2,0.79,0.28,1.31,0.41,0.92,-0.11
"USA-VA",2023 W02,39,2681243,1.5,24,11,38,14,28,1,0.93,0.41,1.44,0.57,1.09,0.06
"USA-VA",2023 W03,29,2681345,1.1,27,13,40,2,16,-11,0.99,0.48,1.51,0.11,0.62,-0.41
"USA-VA",2023 W04,28,2681448,1,20,7,34,8,21,-6,0.76,0.25,1.27,0.24,0.75,-0.27
"USA-VA",2023 W05,24,2681550,0.9,26,13,40,-2,11,-16,0.99,0.48,1.51,-0.09,0.42,-0.61
"USA-VA",2023 W06,26,2681652,1,23,9,36,3,17,-10,0.83,0.31,1.34,0.17,0.69,-0.34
"USA-VA",2023 W07,38,2681755,1.4,26,12,39,12,26,-1,0.96,0.45,1.47,0.44,0.95,-0.07
"USA-VA",2023 W08,28,2681857,1,30,17,44,-2,11,-16,1.09,0.58,1.61,-0.09,0.42,-0.61
"USA-VA",2023 W09,40,2681959,1.5,27,14,41,13,26,-1,0.99,0.48,1.51,0.51,1.02,-0.01
"USA-VA",2023 W10,39,2682062,1.5,25,11,38,14,28,1,0.93,0.41,1.44,0.57,1.09,0.06
"USA-VA",2023 W11,30,2682164,1.1,24,10,37,6,20,-7,0.89,0.38,1.41,0.21,0.72,-0.31
"USA-VA",2023 W12,41,2682267,1.5,24,11,38,17,30,3,0.89,0.38,1.41,0.61,1.12,0.09
"USA-VA",2023 W13,25,2682369,0.9,24,11,38,1,14,-13,0.89,0.38,1.41,0.01,0.52,-0.51
"USA-VA",2023 W14,36,2682471,1.3,23,9,36,13,27,0,0.86,0.35,1.37,0.44,0.95,-0.07
"USA-VA",2023 W15,26,2682574,1,30,16,43,-4,10,-17,1.09,0.58,1.61,-0.09,0.42,-0.61
"USA-VA",2023 W16,29,2682676,1.1,22,9,36,7,20,-7,0.86,0.35,1.37,0.24,0.75,-0.27
"USA-VA",2023 W17,26,2682778,1,28,14,41,-2,12,-15,1.03,0.51,1.54,-0.03,0.49,-0.54
"USA-VA",2023 W18,26,2682881,1,24,10,37,2,16,-11,0.86,0.35,1.37,0.14,0.65,-0.37
"USA-VA",2023 W19,39,2682983,1.5,26,13,40,12,26,-1,0.99,0.48,1.51,0.51,1.02,-0.01
"USA-VA",2023 W20,23,2683086,0.9,23,9,36,0,14,-13,0.86,0.35,1.37,0.04,0.55,-0.47
"USA-VA",2023 W21,29,2683188,1.1,22,8,35,7,21,-6,0.83,0.31,1.34,0.27,0.79,-0.24
"USA-VA",2023 W22,24,2683290,0.9,26,13,40,-2,11,-16,0.99,0.48,1.51,-0.09,0.42,-0.61
"USA-VA",2023 W23,33,2683393,1.2,24,11,38,9,22,-5,0.89,0.38,1.41,0.31,0.82,-0.21
"USA-VA",2023 W24,28,2683495,1,25,12,39,3,16,-11,0.96,0.45,1.47,0.04,0.55,-0.47
"USA-VA",2023 W25,43,2683597,1.6,26,13,40,17,30,3,0.99,0.48,1.51,0.61,1.12,0.09
"USA-VA",2023 W26,27,2683700,1,32,19,46,-6,8,-19,1.23,0.71,1.74,-0.23,0.29,-0.74
"USA-VA",2023 W27,33,2683802,1.2,32,19,46,1,14,-13,1.19,0.68,1.71,0.01,0.52,-0.51
"USA-VA",2023 W28,15,2683905,0.6,24,10,37,-8,5,-22,0.86,0.35,1.37,-0.26,0.25,-0.77
"USA-WA",2017 W01,26,2291830,1.1,20,9,31,6,17,-5,0.86,0.39,1.33,0.24,0.71,-0.23
"USA-WA",2017 W02,25,2291963,1.1,21,10,32,4,15,-7,0.93,0.46,1.39,0.17,0.64,-0.29
"USA-WA",2017 W03,30,2292096,1.3,23,12,33,7,18,-3,0.99,0.52,1.46,0.31,0.78,-0.16
"USA-WA",2017 W04,23,2292228,1,20,9,31,3,14,-8,0.89,0.42,1.36,0.11,0.58,-0.36
"USA-WA",2017 W05,15,2292361,0.7,24,13,34,-9,2,-19,1.06,0.59,1.53,-0.36,0.11,-0.83
"USA-WA",2017 W06,24,2292494,1,22,11,33,2,13,-9,0.96,0.49,1.43,0.04,0.51,-0.43
"USA-WA",2017 W07,14,2292627,0.6,19,8,29,-5,6,-15,0.79,0.32,1.26,-0.19,0.28,-0.66
"USA-WA",2017 W08,19,2292760,0.8,25,14,36,-6,5,-17,1.09,0.62,1.56,-0.29,0.18,-0.76
"USA-WA",2017 W09,21,2292893,0.9,24,13,34,-3,8,-13,1.03,0.56,1.49,-0.13,0.34,-0.59
"USA-WA",2017 W10,22,2293025,1,25,14,36,-3,8,-14,1.09,0.62,1.56,-0.09,0.38,-0.56
"USA-WA",2017 W11,26,2293158,1.1,27,16,37,-1,10,-11,1.16,0.69,1.63,-0.06,0.41,-0.53
"USA-WA",2017 W12,25,2293291,1.1,25,14,36,0,11,-11,1.09,0.62,1.56,0.01,0.48,-0.46
"USA-WA",2017 W13,22,2293424,1,20,9,31,2,13,-9,0.86,0.39,1.33,0.14,0.61,-0.33
"USA-WA",2017 W14,23,2293557,1,20,9,31,3,14,-8,0.89,0.42,1.36,0.11,0.58,-0.36
"USA-WA",2017 W15,21,2293689,0.9,24,13,35,-3,8,-14,1.03,0.56,1.49,-0.13,0.34,-0.59
"USA-WA",2017 W16,23,2293822,1,24,13,35,-1,10,-12,1.06,0.59,1.53,-0.06,0.41,-0.53
"USA-WA",2017 W17,17,2293955,0.7,19,8,29,-2,9,-12,0.79,0.32,1.26,-0.09,0.38,-0.56
"USA-WA",2017 W18,23,2294088,1,22,11,33,1,12,-10,0.96,0.49,1.43,0.04,0.51,-0.43
"USA-WA",2017 W19,15,2294221,0.7,18,7,28,-3,8,-13,0.76,0.29,1.23,-0.06,0.41,-0.53
"USA-WA",2017 W20,19,2294354,0.8,20,9,31,-1,10,-12,0.89,0.42,1.36,-0.09,0.38,-0.56
"USA-WA",2017 W21,26,2294486,1.1,26,15,37,0,11,-11,1.13,0.66,1.59,-0.03,0.44,-0.49
"USA-WA",2017 W22,28,2294619,1.2,27,16,37,1,12,-9,1.16,0.69,1.63,0.04,0.51,-0.43
"USA-WA",2017 W23,16,2294752,0.7,20,9,30,-4,7,-14,0.86,0.39,1.33,-0.16,0.31,-0.63
"USA-WA",2017 W24,14,2294885,0.6,22,11,33,-8,3,-19,0.96,0.49,1.43,-0.36,0.11,-0.83
"USA-WA",2017 W25,17,2295018,0.7,24,13,34,-7,4,-17,0.99,0.52,1.46,-0.29,0.18,-0.76
"USA-WA",2017 W26,21,2295151,0.9,23,12,34,-2,9,-13,0.99,0.52,1.46,-0.09,0.38,-0.56
"USA-WA",2017 W27,16,2295283,0.7,21,10,32,-5,6,-16,0.93,0.46,1.39,-0.23,0.24,-0.69
"USA-WA",2017 W28,18,2295416,0.8,25,14,35,-7,4,-17,1.06,0.59,1.53,-0.26,0.21,-0.73
"USA-WA",2017 W29,20,2295549,0.9,21,10,32,-1,10,-12,0.93,0.46,1.39,-0.03,0.44,-0.49
"USA-WA",2017 W30,18,2295682,0.8,21,10,31,-3,8,-13,0.89,0.42,1.36,-0.09,0.38,-0.56
"USA-WA",2017 W31,31,2295815,1.4,23,12,34,8,19,-3,0.99,0.52,1.46,0.41,0.88,-0.06
"USA-WA",2017 W32,23,2295948,1,20,9,30,3,14,-7,0.86,0.39,1.33,0.14,0.61,-0.33
"USA-WA",2017 W33,27,2296080,1.2,26,15,37,1,12,-10,1.16,0.69,1.63,0.04,0.51,-0.43
"USA-WA",2017 W34,19,2296213,0.8,20,9,31,-1,10,-12,0.86,0.39,1.33,-0.06,0.41,-0.53
"USA-WA",2017 W35,18,2296346,0.8,20,9,31,-2,9,-13,0.86,0.39,1.33,-0.06,0.41,-0.53
"USA-WA",2017 W36,20,2296479,0.9,23,12,33,-3,8,-13,0.99,0.52,1.46,-0.09,0.38,-0.56
"USA-WA",2017 W37,21,2296612,0.9,22,11,33,-1,10,-12,0.96,0.49,1.43,-0.06,0.41,-0.53
"USA-WA",2017 W38,24,2296745,1,18,7,29,6,17,-5,0.79,0.32,1.26,0.21,0.68,-0.26
"USA-WA",2017 W39,22,2296877,1,21,10,32,1,12,-10,0.93,0.46,1.39,0.07,0.54,-0.39
"USA-WA",2017 W40,31,2297010,1.3,22,11,32,9,20,-1,0.93,0.46,1.39,0.37,0.84,-0.09
"USA-WA",2017 W41,26,2297143,1.1,26,15,37,0,11,-11,1.09,0.62,1.56,0.01,0.48,-0.46
"USA-WA",2017 W42,20,2297276,0.9,24,13,34,-4,7,-14,1.03,0.56,1.49,-0.13,0.34,-0.59
"USA-WA",2017 W43,22,2297409,1,26,15,37,-4,7,-15,1.13,0.66,1.59,-0.13,0.34,-0.59
"USA-WA",2017 W44,26,2297541,1.1,20,9,30,6,17,-4,0.83,0.36,1.29,0.27,0.74,-0.19
"USA-WA",2017 W45,19,2297674,0.8,23,12,34,-4,7,-15,0.99,0.52,1.46,-0.19,0.28,-0.66
"USA-WA",2017 W46,20,2297807,0.9,21,10,31,-1,10,-11,0.89,0.42,1.36,0.01,0.48,-0.46
"USA-WA",2017 W47,18,2297940,0.8,20,9,31,-2,9,-13,0.89,0.42,1.36,-0.09,0.38,-0.56
"USA-WA",2017 W48,21,2298073,0.9,23,12,34,-2,9,-13,0.99,0.52,1.46,-0.09,0.38,-0.56
"USA-WA",2017 W49,11,2298206,0.5,19,8,30,-8,3,-19,0.83,0.36,1.29,-0.33,0.14,-0.79
"USA-WA",2017 W50,27,2298338,1.2,24,13,35,3,14,-8,1.03,0.56,1.49,0.17,0.64,-0.29
"USA-WA",2017 W51,28,2298471,1.2,25,14,36,3,14,-8,1.09,0.62,1.56,0.11,0.58,-0.36
"USA-WA",2017 W52,18,2298604,0.8,18,7,29,0,11,-11,0.79,0.32,1.26,0.01,0.48,-0.46
"USA-WA",2018 W01,17,2298719,0.7,19,8,30,-2,9,-13,0.83,0.37,1.3,-0.13,0.33,-0.6
"USA-WA",2018 W02,18,2298809,0.8,21,10,32,-3,8,-14,0.9,0.43,1.37,-0.1,0.37,-0.57
"USA-WA",2018 W03,20,2298899,0.9,22,11,33,-2,9,-13,0.97,0.5,1.43,-0.07,0.4,-0.53
"USA-WA",2018 W04,21,2298989,0.9,20,9,31,1,12,-10,0.87,0.4,1.33,0.03,0.5,-0.43
"USA-WA",2018 W05,27,2299078,1.2,23,12,34,4,15,-7,1.03,0.57,1.5,0.17,0.63,-0.3
"USA-WA",2018 W06,16,2299168,0.7,22,11,33,-6,5,-17,0.93,0.47,1.4,-0.23,0.23,-0.7
"USA-WA",2018 W07,21,2299258,0.9,18,7,29,3,14,-8,0.77,0.3,1.23,0.13,0.6,-0.33
"USA-WA",2018 W08,22,2299348,1,24,13,35,-2,9,-13,1.07,0.6,1.53,-0.07,0.4,-0.53
"USA-WA",2018 W09,23,2299438,1,23,12,34,0,11,-11,1,0.53,1.47,0,0.47,-0.47
"USA-WA",2018 W10,26,2299528,1.1,24,13,35,2,13,-9,1.07,0.6,1.53,0.03,0.5,-0.43
"USA-WA",2018 W11,32,2299618,1.4,26,15,37,6,17,-5,1.13,0.67,1.6,0.27,0.73,-0.2
"USA-WA",2018 W12,30,2299708,1.3,24,13,35,6,17,-5,1.07,0.6,1.53,0.23,0.7,-0.23
"USA-WA",2018 W13,21,2299798,0.9,19,8,30,2,13,-9,0.83,0.37,1.3,0.07,0.53,-0.4
"USA-WA",2018 W14,20,2299888,0.9,20,9,31,0,11,-11,0.87,0.4,1.33,0.03,0.5,-0.43
"USA-WA",2018 W15,25,2299978,1.1,23,12,34,2,13,-9,1,0.53,1.47,0.1,0.57,-0.37
"USA-WA",2018 W16,32,2300068,1.4,24,13,35,8,19,-3,1.03,0.57,1.5,0.37,0.83,-0.1
"USA-WA",2018 W17,22,2300158,1,18,7,29,4,15,-7,0.77,0.3,1.23,0.23,0.7,-0.23
"USA-WA",2018 W18,23,2300248,1,22,11,33,1,12,-10,0.93,0.47,1.4,0.07,0.53,-0.4
"USA-WA",2018 W19,17,2300338,0.7,17,6,28,0,11,-11,0.73,0.27,1.2,-0.03,0.43,-0.5
"USA-WA",2018 W20,20,2300428,0.9,20,9,31,0,11,-11,0.87,0.4,1.33,0.03,0.5,-0.43
"USA-WA",2018 W21,29,2300518,1.3,25,14,36,4,15,-7,1.1,0.63,1.57,0.2,0.67,-0.27
"USA-WA",2018 W22,27,2300608,1.2,26,15,37,1,12,-10,1.13,0.67,1.6,0.07,0.53,-0.4
"USA-WA",2018 W23,16,2300698,0.7,19,8,30,-3,8,-14,0.83,0.37,1.3,-0.13,0.33,-0.6
"USA-WA",2018 W24,21,2300788,0.9,22,11,33,-1,10,-12,0.93,0.47,1.4,-0.03,0.43,-0.5
"USA-WA",2018 W25,23,2300878,1,23,12,34,0,11,-11,0.97,0.5,1.43,0.03,0.5,-0.43
"USA-WA",2018 W26,21,2300968,0.9,22,11,33,-1,10,-12,0.97,0.5,1.43,-0.07,0.4,-0.53
"USA-WA",2018 W27,25,2301058,1.1,20,9,31,5,16,-6,0.9,0.43,1.37,0.2,0.67,-0.27
"USA-WA",2018 W28,30,2301148,1.3,24,13,35,6,17,-5,1.03,0.57,1.5,0.27,0.73,-0.2
"USA-WA",2018 W29,20,2301238,0.9,21,10,32,-1,10,-12,0.9,0.43,1.37,0,0.47,-0.47
"USA-WA",2018 W30,20,2301328,0.9,20,9,31,0,11,-11,0.87,0.4,1.33,0.03,0.5,-0.43
"USA-WA",2018 W31,17,2301418,0.7,22,11,33,-5,6,-16,0.97,0.5,1.43,-0.27,0.2,-0.73
"USA-WA",2018 W32,23,2301508,1,19,8,30,4,15,-7,0.83,0.37,1.3,0.17,0.63,-0.3
"USA-WA",2018 W33,30,2301598,1.3,26,15,37,4,15,-7,1.13,0.67,1.6,0.17,0.63,-0.3
"USA-WA",2018 W34,19,2301688,0.8,19,8,30,0,11,-11,0.83,0.37,1.3,-0.03,0.43,-0.5
"USA-WA",2018 W35,19,2301778,0.8,19,8,30,0,11,-11,0.83,0.37,1.3,-0.03,0.43,-0.5
"USA-WA",2018 W36,23,2301868,1,22,11,33,1,12,-10,0.97,0.5,1.43,0.03,0.5,-0.43
"USA-WA",2018 W37,22,2301958,1,21,10,32,1,12,-10,0.93,0.47,1.4,0.07,0.53,-0.4
"USA-WA",2018 W38,15,2302048,0.7,18,7,29,-3,8,-14,0.77,0.3,1.23,-0.07,0.4,-0.53
"USA-WA",2018 W39,23,2302138,1,20,9,31,3,14,-8,0.9,0.43,1.37,0.1,0.57,-0.37
"USA-WA",2018 W40,19,2302228,0.8,21,10,32,-2,9,-13,0.9,0.43,1.37,-0.1,0.37,-0.57
"USA-WA",2018 W41,26,2302318,1.1,25,14,36,1,12,-10,1.07,0.6,1.53,0.03,0.5,-0.43
"USA-WA",2018 W42,30,2302408,1.3,23,12,34,7,18,-4,1,0.53,1.47,0.3,0.77,-0.17
"USA-WA",2018 W43,33,2302498,1.4,25,14,36,8,19,-3,1.1,0.63,1.57,0.3,0.77,-0.17
"USA-WA",2018 W44,12,2302588,0.5,19,8,30,-7,4,-18,0.8,0.33,1.27,-0.3,0.17,-0.77
"USA-WA",2018 W45,24,2302678,1,23,12,34,1,12,-10,0.97,0.5,1.43,0.03,0.5,-0.43
"USA-WA",2018 W46,19,2302768,0.8,20,9,31,-1,10,-12,0.87,0.4,1.33,-0.07,0.4,-0.53
"USA-WA",2018 W47,20,2302858,0.9,19,8,30,1,12,-10,0.87,0.4,1.33,0.03,0.5,-0.43
"USA-WA",2018 W48,26,2302948,1.1,22,11,33,4,15,-7,0.97,0.5,1.43,0.13,0.6,-0.33
"USA-WA",2018 W49,25,2303038,1.1,18,7,29,7,18,-4,0.8,0.33,1.27,0.3,0.77,-0.17
"USA-WA",2018 W50,24,2303128,1,23,12,34,1,12,-10,1,0.53,1.47,0,0.47,-0.47
"USA-WA",2018 W51,27,2303218,1.2,25,14,36,2,13,-9,1.07,0.6,1.53,0.13,0.6,-0.33
"USA-WA",2018 W52,13,2303308,0.6,18,7,29,-5,6,-16,0.77,0.3,1.23,-0.17,0.3,-0.63
"USA-WA",2019 W01,15,2303597,0.7,19,8,30,-4,7,-15,0.81,0.34,1.28,-0.11,0.36,-0.58
"USA-WA",2019 W02,19,2304327,0.8,20,9,31,-1,10,-12,0.88,0.41,1.34,-0.08,0.39,-0.54
"USA-WA",2019 W03,16,2305069,0.7,22,11,32,-6,5,-16,0.94,0.47,1.41,-0.24,0.23,-0.71
"USA-WA",2019 W04,15,2305812,0.7,19,8,30,-4,7,-15,0.84,0.37,1.31,-0.14,0.33,-0.61
"USA-WA",2019 W05,27,2306555,1.2,23,12,33,4,15,-6,1.01,0.54,1.48,0.19,0.66,-0.28
"USA-WA",2019 W06,25,2307297,1.1,21,10,32,4,15,-7,0.91,0.44,1.38,0.19,0.66,-0.28
"USA-WA",2019 W07,19,2308040,0.8,18,7,28,1,12,-9,0.74,0.27,1.21,0.06,0.53,-0.41
"USA-WA",2019 W08,32,2308782,1.4,24,13,35,8,19,-3,1.04,0.57,1.51,0.36,0.83,-0.11
"USA-WA",2019 W09,25,2309525,1.1,23,12,33,2,13,-8,0.98,0.51,1.44,0.12,0.59,-0.34
"USA-WA",2019 W10,25,2310268,1.1,24,13,35,1,12,-10,1.04,0.57,1.51,0.06,0.53,-0.41
"USA-WA",2019 W11,20,2311010,0.9,26,15,36,-6,5,-16,1.11,0.64,1.58,-0.21,0.26,-0.68
"USA-WA",2019 W12,18,2311753,0.8,24,13,35,-6,5,-17,1.04,0.57,1.51,-0.24,0.23,-0.71
"USA-WA",2019 W13,15,2312495,0.6,19,8,30,-4,7,-15,0.81,0.34,1.28,-0.21,0.26,-0.68
"USA-WA",2019 W14,16,2313238,0.7,19,8,30,-3,8,-14,0.84,0.37,1.31,-0.14,0.33,-0.61
"USA-WA",2019 W15,24,2313980,1,23,12,34,1,12,-10,0.98,0.51,1.44,0.02,0.49,-0.44
"USA-WA",2019 W16,16,2314723,0.7,23,12,34,-7,4,-18,1.01,0.54,1.48,-0.31,0.16,-0.78
"USA-WA",2019 W17,15,2315466,0.6,18,7,28,-3,8,-13,0.74,0.27,1.21,-0.14,0.33,-0.61
"USA-WA",2019 W18,19,2316208,0.8,21,10,32,-2,9,-13,0.91,0.44,1.38,-0.11,0.36,-0.58
"USA-WA",2019 W19,19,2316951,0.8,17,6,27,2,13,-8,0.71,0.24,1.18,0.09,0.56,-0.38
"USA-WA",2019 W20,20,2317693,0.9,19,8,30,1,12,-10,0.84,0.37,1.31,0.06,0.53,-0.41
"USA-WA",2019 W21,21,2318436,0.9,25,14,36,-4,7,-15,1.08,0.61,1.54,-0.18,0.29,-0.64
"USA-WA",2019 W22,23,2319179,1,26,15,36,-3,8,-13,1.11,0.64,1.58,-0.11,0.36,-0.58
"USA-WA",2019 W23,25,2319921,1.1,19,8,29,6,17,-4,0.81,0.34,1.28,0.29,0.76,-0.18
"USA-WA",2019 W24,30,2320664,1.3,21,10,32,9,20,-2,0.91,0.44,1.38,0.39,0.86,-0.08
"USA-WA",2019 W25,29,2321406,1.2,23,12,33,6,17,-4,0.94,0.47,1.41,0.26,0.73,-0.21
"USA-WA",2019 W26,25,2322149,1.1,22,11,33,3,14,-8,0.94,0.47,1.41,0.16,0.63,-0.31
"USA-WA",2019 W27,20,2322892,0.9,20,9,31,0,11,-11,0.88,0.41,1.34,0.02,0.49,-0.44
"USA-WA",2019 W28,24,2323634,1,24,13,34,0,11,-10,1.01,0.54,1.48,-0.01,0.46,-0.48
"USA-WA",2019 W29,22,2324377,0.9,20,9,31,2,13,-9,0.88,0.41,1.34,0.02,0.49,-0.44
"USA-WA",2019 W30,22,2325119,0.9,20,9,30,2,13,-8,0.84,0.37,1.31,0.06,0.53,-0.41
"USA-WA",2019 W31,19,2325862,0.8,22,11,33,-3,8,-14,0.94,0.47,1.41,-0.14,0.33,-0.61
"USA-WA",2019 W32,11,2326605,0.5,19,8,29,-8,3,-18,0.81,0.34,1.28,-0.31,0.16,-0.78
"USA-WA",2019 W33,20,2327347,0.9,25,14,36,-5,6,-16,1.11,0.64,1.58,-0.21,0.26,-0.68
"USA-WA",2019 W34,20,2328090,0.9,19,8,30,1,12,-10,0.81,0.34,1.28,0.09,0.56,-0.38
"USA-WA",2019 W35,21,2328832,0.9,19,8,30,2,13,-9,0.81,0.34,1.28,0.09,0.56,-0.38
"USA-WA",2019 W36,23,2329575,1,22,11,32,1,12,-9,0.94,0.47,1.41,0.06,0.53,-0.41
"USA-WA",2019 W37,21,2330318,0.9,21,10,32,0,11,-11,0.91,0.44,1.38,-0.01,0.46,-0.48
"USA-WA",2019 W38,14,2331060,0.6,17,6,28,-3,8,-14,0.74,0.27,1.21,-0.14,0.33,-0.61
"USA-WA",2019 W39,16,2331803,0.7,20,9,31,-4,7,-15,0.88,0.41,1.34,-0.18,0.29,-0.64
"USA-WA",2019 W40,13,2332545,0.6,21,10,31,-8,3,-18,0.88,0.41,1.34,-0.28,0.19,-0.74
"USA-WA",2019 W41,24,2333288,1,25,14,36,-1,10,-12,1.04,0.57,1.51,-0.04,0.43,-0.51
"USA-WA",2019 W42,19,2334031,0.8,23,12,33,-4,7,-14,0.98,0.51,1.44,-0.18,0.29,-0.64
"USA-WA",2019 W43,21,2334773,0.9,25,14,36,-4,7,-15,1.08,0.61,1.54,-0.18,0.29,-0.64
"USA-WA",2019 W44,19,2335516,0.8,19,8,29,0,11,-10,0.78,0.31,1.24,0.02,0.49,-0.44
"USA-WA",2019 W45,25,2336258,1.1,22,11,33,3,14,-8,0.94,0.47,1.41,0.16,0.63,-0.31
"USA-WA",2019 W46,21,2337001,0.9,20,9,30,1,12,-9,0.84,0.37,1.31,0.06,0.53,-0.41
"USA-WA",2019 W47,20,2337744,0.9,19,8,30,1,12,-10,0.84,0.37,1.31,0.06,0.53,-0.41
"USA-WA",2019 W48,20,2338486,0.9,22,11,33,-2,9,-13,0.94,0.47,1.41,-0.04,0.43,-0.51
"USA-WA",2019 W49,19,2339229,0.8,18,7,29,1,12,-10,0.78,0.31,1.24,0.02,0.49,-0.44
"USA-WA",2019 W50,19,2339971,0.8,23,12,34,-4,7,-15,0.98,0.51,1.44,-0.18,0.29,-0.64
"USA-WA",2019 W51,19,2340714,0.8,24,13,35,-5,6,-16,1.04,0.57,1.51,-0.24,0.23,-0.71
"USA-WA",2019 W52,22,2341456,0.9,17,6,28,5,16,-6,0.74,0.27,1.21,0.16,0.63,-0.31
"USA-WA",2020 W01,24,2341914,1,18,7,29,6,17,-5,0.78,0.31,1.26,0.22,0.69,-0.26
"USA-WA",2020 W02,24,2341345,1,20,9,31,4,15,-7,0.85,0.38,1.32,0.15,0.62,-0.32
"USA-WA",2020 W03,27,2340690,1.2,21,10,32,6,17,-5,0.92,0.44,1.39,0.28,0.76,-0.19
"USA-WA",2020 W04,25,2340035,1.1,19,8,30,6,17,-5,0.82,0.34,1.29,0.28,0.76,-0.19
"USA-WA",2020 W05,29,2339381,1.2,22,11,33,7,18,-4,0.98,0.51,1.46,0.22,0.69,-0.26
"USA-WA",2020 W06,20,2338726,0.9,21,10,32,-1,10,-12,0.88,0.41,1.36,0.02,0.49,-0.46
"USA-WA",2020 W07,31,2338071,1.3,17,6,28,14,25,3,0.72,0.24,1.19,0.58,1.06,0.11
"USA-WA",2020 W08,18,2337416,0.8,23,12,34,-5,6,-16,1.02,0.54,1.49,-0.22,0.26,-0.69
"USA-WA",2020 W09,22,2336762,0.9,22,11,33,0,11,-11,0.95,0.48,1.42,-0.05,0.42,-0.52
"USA-WA",2020 W10,19,2336107,0.8,23,12,34,-4,7,-15,1.02,0.54,1.49,-0.22,0.26,-0.69
"USA-WA",2020 W11,16,2335452,0.7,25,14,36,-9,2,-20,1.08,0.61,1.56,-0.38,0.09,-0.86
"USA-WA",2020 W12,16,2334797,0.7,23,12,34,-7,4,-18,1.02,0.54,1.49,-0.32,0.16,-0.79
"USA-WA",2020 W13,24,2334143,1,18,7,29,6,17,-5,0.78,0.31,1.26,0.22,0.69,-0.26
"USA-WA",2020 W14,25,2333488,1.1,19,8,30,6,17,-5,0.82,0.34,1.29,0.28,0.76,-0.19
"USA-WA",2020 W15,26,2332833,1.1,22,11,33,4,15,-7,0.95,0.48,1.42,0.15,0.62,-0.32
"USA-WA",2020 W16,26,2332179,1.1,23,12,34,3,14,-8,0.98,0.51,1.46,0.12,0.59,-0.36
"USA-WA",2020 W17,29,2331524,1.2,17,6,28,12,23,1,0.72,0.24,1.19,0.48,0.96,0.01
"USA-WA",2020 W18,21,2330869,0.9,21,10,32,0,11,-11,0.88,0.41,1.36,0.02,0.49,-0.46
"USA-WA",2020 W19,21,2330214,0.9,16,5,27,5,16,-6,0.68,0.21,1.16,0.22,0.69,-0.26
"USA-WA",2020 W20,27,2329560,1.2,19,8,30,8,19,-3,0.82,0.34,1.29,0.38,0.86,-0.09
"USA-WA",2020 W21,28,2328905,1.2,24,13,35,4,15,-7,1.05,0.58,1.52,0.15,0.62,-0.32
"USA-WA",2020 W22,25,2328250,1.1,25,14,36,0,11,-11,1.08,0.61,1.56,0.02,0.49,-0.46
"USA-WA",2020 W23,22,2327595,0.9,18,7,29,4,15,-7,0.78,0.31,1.26,0.12,0.59,-0.36
"USA-WA",2020 W24,17,2326941,0.7,21,10,32,-4,7,-15,0.88,0.41,1.36,-0.18,0.29,-0.66
"USA-WA",2020 W25,25,2326286,1.1,22,11,33,3,14,-8,0.92,0.44,1.39,0.18,0.66,-0.29
"USA-WA",2020 W26,20,2325631,0.9,21,10,32,-1,10,-12,0.92,0.44,1.39,-0.02,0.46,-0.49
"USA-WA",2020 W27,18,2324976,0.8,19,8,30,-1,10,-12,0.85,0.38,1.32,-0.05,0.42,-0.52
"USA-WA",2020 W28,25,2324322,1.1,23,12,34,2,13,-9,0.98,0.51,1.46,0.12,0.59,-0.36
"USA-WA",2020 W29,23,2323667,1,20,9,31,3,14,-8,0.85,0.38,1.32,0.15,0.62,-0.32
"USA-WA",2020 W30,21,2323012,0.9,19,8,30,2,13,-9,0.82,0.34,1.29,0.08,0.56,-0.39
"USA-WA",2020 W31,24,2322358,1,21,10,32,3,14,-8,0.92,0.44,1.39,0.08,0.56,-0.39
"USA-WA",2020 W32,24,2321703,1,18,7,29,6,17,-5,0.78,0.31,1.26,0.22,0.69,-0.26
"USA-WA",2020 W33,27,2321048,1.2,25,14,36,2,13,-9,1.08,0.61,1.56,0.12,0.59,-0.36
"USA-WA",2020 W34,25,2320393,1.1,18,7,29,7,18,-4,0.78,0.31,1.26,0.32,0.79,-0.16
"USA-WA",2020 W35,30,2319739,1.3,18,7,29,12,23,1,0.78,0.31,1.26,0.52,0.99,0.04
"USA-WA",2020 W36,26,2319084,1.1,21,10,32,5,16,-6,0.92,0.44,1.39,0.18,0.66,-0.29
"USA-WA",2020 W37,25,2318429,1.1,20,9,31,5,16,-6,0.88,0.41,1.36,0.22,0.69,-0.26
"USA-WA",2020 W38,25,2317774,1.1,17,6,28,8,19,-3,0.72,0.24,1.19,0.38,0.86,-0.09
"USA-WA",2020 W39,18,2317120,0.8,19,8,30,-1,10,-12,0.85,0.38,1.32,-0.05,0.42,-0.52
"USA-WA",2020 W40,22,2316465,0.9,20,9,31,2,13,-9,0.85,0.38,1.32,0.05,0.52,-0.42
"USA-WA",2020 W41,25,2315810,1.1,24,13,35,1,12,-10,1.02,0.54,1.49,0.08,0.56,-0.39
"USA-WA",2020 W42,23,2315156,1,22,11,33,1,12,-10,0.95,0.48,1.42,0.05,0.52,-0.42
"USA-WA",2020 W43,22,2314501,1,24,13,35,-2,9,-13,1.05,0.58,1.52,-0.05,0.42,-0.52
"USA-WA",2020 W44,21,2313846,0.9,18,7,29,3,14,-8,0.75,0.28,1.22,0.15,0.62,-0.32
"USA-WA",2020 W45,25,2313191,1.1,22,11,33,3,14,-8,0.92,0.44,1.39,0.18,0.66,-0.29
"USA-WA",2020 W46,24,2312537,1,19,8,30,5,16,-6,0.82,0.34,1.29,0.18,0.66,-0.29
"USA-WA",2020 W47,21,2311882,0.9,18,7,29,3,14,-8,0.82,0.34,1.29,0.08,0.56,-0.39
"USA-WA",2020 W48,15,2311227,0.6,21,10,32,-6,5,-17,0.92,0.44,1.39,-0.32,0.16,-0.79
"USA-WA",2020 W49,26,2310572,1.1,17,6,28,9,20,-2,0.75,0.28,1.22,0.35,0.82,-0.12
"USA-WA",2020 W50,32,2309918,1.4,22,11,33,10,21,-1,0.95,0.48,1.42,0.45,0.92,-0.02
"USA-WA",2020 W51,16,2309263,0.7,24,13,35,-8,3,-19,1.02,0.54,1.49,-0.32,0.16,-0.79
"USA-WA",2020 W52,20,2308608,0.9,17,6,28,3,14,-8,0.72,0.24,1.19,0.18,0.66,-0.29
"USA-WA",2020 W53,19,2307998,0.8,18,7,29,1,12,-10,0.76,0.28,1.24,0.04,0.52,-0.44
"USA-WA",2021 W01,24,2307926,1,19,8,30,5,16,-6,0.83,0.34,1.31,0.17,0.66,-0.31
"USA-WA",2021 W02,22,2308003,1,21,9,32,1,13,-10,0.89,0.41,1.37,0.11,0.59,-0.37
"USA-WA",2021 W03,26,2308080,1.1,18,7,29,8,19,-3,0.79,0.31,1.27,0.31,0.79,-0.17
"USA-WA",2021 W04,24,2308158,1,22,10,33,2,14,-9,0.96,0.48,1.44,0.04,0.52,-0.44
"USA-WA",2021 W05,17,2308235,0.7,20,9,31,-3,8,-14,0.86,0.38,1.34,-0.16,0.32,-0.64
"USA-WA",2021 W06,26,2308312,1.1,17,5,28,9,21,-2,0.69,0.21,1.17,0.41,0.89,-0.07
"USA-WA",2021 W07,22,2308389,1,23,12,34,-1,10,-12,0.99,0.51,1.47,0.01,0.49,-0.47
"USA-WA",2021 W08,31,2308466,1.3,22,10,33,9,21,-2,0.93,0.44,1.41,0.37,0.86,-0.11
"USA-WA",2021 W09,22,2308544,1,23,12,34,-1,10,-12,0.99,0.51,1.47,0.01,0.49,-0.47
"USA-WA",2021 W10,23,2308621,1,25,13,36,-2,10,-13,1.06,0.58,1.54,-0.06,0.42,-0.54
"USA-WA",2021 W11,24,2308698,1,23,12,34,1,12,-10,0.99,0.51,1.47,0.01,0.49,-0.47
"USA-WA",2021 W12,29,2308775,1.3,18,7,29,11,22,0,0.76,0.28,1.24,0.54,1.02,0.06
"USA-WA",2021 W13,24,2308852,1,18,7,29,6,17,-5,0.79,0.31,1.27,0.21,0.69,-0.27
"USA-WA",2021 W14,24,2308929,1,22,11,33,2,13,-9,0.93,0.44,1.41,0.07,0.56,-0.41
"USA-WA",2021 W15,25,2309007,1.1,22,11,33,3,14,-8,0.96,0.48,1.44,0.14,0.62,-0.34
"USA-WA",2021 W16,22,2309084,1,17,5,28,5,17,-6,0.69,0.21,1.17,0.31,0.79,-0.17
"USA-WA",2021 W17,25,2309161,1.1,20,9,31,5,16,-6,0.86,0.38,1.34,0.24,0.72,-0.24
"USA-WA",2021 W18,22,2309238,1,16,4,27,6,18,-5,0.66,0.18,1.14,0.34,0.82,-0.14
"USA-WA",2021 W19,25,2309315,1.1,18,7,29,7,18,-4,0.79,0.31,1.27,0.31,0.79,-0.17
"USA-WA",2021 W20,31,2309392,1.3,24,13,35,7,18,-4,1.03,0.54,1.51,0.27,0.76,-0.21
"USA-WA",2021 W21,30,2309470,1.3,24,13,36,6,17,-6,1.06,0.58,1.54,0.24,0.72,-0.24
"USA-WA",2021 W22,31,2309547,1.3,18,6,29,14,25,2,0.76,0.28,1.24,0.54,1.02,0.06
"USA-WA",2021 W23,32,2309624,1.4,20,9,31,12,23,1,0.86,0.38,1.34,0.54,1.02,0.06
"USA-WA",2021 W24,27,2309701,1.2,22,10,33,5,17,-6,0.89,0.41,1.37,0.31,0.79,-0.17
"USA-WA",2021 W25,31,2309778,1.3,21,10,32,10,21,-1,0.89,0.41,1.37,0.41,0.89,-0.07
"USA-WA",2021 W26,25,2309855,1.1,19,8,30,6,17,-5,0.83,0.34,1.31,0.27,0.76,-0.21
"USA-WA",2021 W27,20,2309933,0.9,23,11,34,-3,9,-14,0.96,0.48,1.44,-0.06,0.42,-0.54
"USA-WA",2021 W28,28,2310010,1.2,19,8,30,9,20,-2,0.83,0.34,1.31,0.37,0.86,-0.11
"USA-WA",2021 W29,31,2310087,1.3,19,7,30,12,24,1,0.79,0.31,1.27,0.51,0.99,0.03
"USA-WA",2021 W30,28,2310164,1.2,21,10,32,7,18,-4,0.89,0.41,1.37,0.31,0.79,-0.17
"USA-WA",2021 W31,32,2310241,1.4,18,6,29,14,26,3,0.76,0.28,1.24,0.64,1.12,0.16
"USA-WA",2021 W32,25,2310318,1.1,24,13,35,1,12,-10,1.06,0.58,1.54,0.04,0.52,-0.44
"USA-WA",2021 W33,32,2310396,1.4,18,7,29,14,25,3,0.76,0.28,1.24,0.64,1.12,0.16
"USA-WA",2021 W34,22,2310473,1,18,7,29,4,15,-7,0.76,0.28,1.24,0.24,0.72,-0.24
"USA-WA",2021 W35,28,2310550,1.2,21,9,32,7,19,-4,0.89,0.41,1.37,0.31,0.79,-0.17
"USA-WA",2021 W36,31,2310627,1.3,20,9,31,11,22,0,0.86,0.38,1.34,0.44,0.92,-0.04
"USA-WA",2021 W37,23,2310704,1,16,5,27,7,18,-4,0.69,0.21,1.17,0.31,0.79,-0.17
"USA-WA",2021 W38,23,2310782,1,19,8,30,4,15,-7,0.83,0.34,1.31,0.17,0.66,-0.31
"USA-WA",2021 W39,22,2310859,1,20,8,31,2,14,-9,0.83,0.34,1.31,0.17,0.66,-0.31
"USA-WA",2021 W40,31,2310936,1.3,24,13,35,7,18,-4,0.99,0.51,1.47,0.31,0.79,-0.17
"USA-WA",2021 W41,18,2311013,0.8,22,10,33,-4,8,-15,0.93,0.44,1.41,-0.13,0.36,-0.61
"USA-WA",2021 W42,29,2311090,1.3,24,13,35,5,16,-6,1.03,0.54,1.51,0.27,0.76,-0.21
"USA-WA",2021 W43,24,2311167,1,18,6,29,6,18,-5,0.73,0.24,1.21,0.27,0.76,-0.21
"USA-WA",2021 W44,20,2311245,0.9,21,10,32,-1,10,-12,0.89,0.41,1.37,0.01,0.49,-0.47
"USA-WA",2021 W45,25,2311322,1.1,18,7,30,6,18,-5,0.79,0.31,1.27,0.31,0.79,-0.17
"USA-WA",2021 W46,27,2311399,1.2,18,7,29,9,20,-2,0.79,0.31,1.27,0.41,0.89,-0.07
"USA-WA",2021 W47,16,2311476,0.7,21,10,32,-5,6,-16,0.89,0.41,1.37,-0.19,0.29,-0.67
"USA-WA",2021 W48,28,2311553,1.2,17,6,28,11,22,0,0.73,0.24,1.21,0.47,0.96,-0.01
"USA-WA",2021 W49,22,2311630,1,22,11,33,0,11,-11,0.93,0.44,1.41,0.07,0.56,-0.41
"USA-WA",2021 W50,24,2311708,1,23,12,34,1,12,-10,0.99,0.51,1.47,0.01,0.49,-0.47
"USA-WA",2021 W51,26,2311785,1.1,16,5,27,10,21,-1,0.69,0.21,1.17,0.41,0.89,-0.07
"USA-WA",2021 W52,20,2311862,0.9,17,6,29,3,14,-9,0.73,0.24,1.23,0.17,0.66,-0.33
"USA-WA",2022 W01,19,2311939,0.8,19,7,30,0,12,-11,0.8,0.31,1.29,0,0.49,-0.49
"USA-WA",2022 W02,22,2312016,1,20,9,31,2,13,-9,0.87,0.37,1.36,0.13,0.63,-0.36
"USA-WA",2022 W03,23,2312094,1,18,6,29,5,17,-6,0.77,0.27,1.26,0.23,0.73,-0.26
"USA-WA",2022 W04,13,2312171,0.6,21,10,32,-8,3,-19,0.93,0.44,1.43,-0.33,0.16,-0.83
"USA-WA",2022 W05,21,2312248,0.9,20,8,31,1,13,-10,0.83,0.34,1.33,0.07,0.56,-0.43
"USA-WA",2022 W06,23,2312325,1,16,5,27,7,18,-4,0.67,0.17,1.16,0.33,0.83,-0.16
"USA-WA",2022 W07,26,2312403,1.1,22,11,34,4,15,-8,0.97,0.47,1.46,0.13,0.63,-0.36
"USA-WA",2022 W08,26,2312480,1.1,21,10,32,5,16,-6,0.9,0.41,1.39,0.2,0.69,-0.29
"USA-WA",2022 W09,29,2312557,1.3,22,11,34,7,18,-5,0.97,0.47,1.46,0.33,0.83,-0.16
"USA-WA",2022 W10,17,2312634,0.7,24,13,35,-7,4,-18,1.03,0.54,1.53,-0.33,0.16,-0.83
"USA-WA",2022 W11,24,2312712,1,22,11,34,2,13,-10,0.97,0.47,1.46,0.03,0.53,-0.46
"USA-WA",2022 W12,29,2312789,1.3,17,6,29,12,23,0,0.73,0.24,1.23,0.57,1.06,0.07
"USA-WA",2022 W13,28,2312866,1.2,18,6,29,10,22,-1,0.77,0.27,1.26,0.43,0.93,-0.06
"USA-WA",2022 W14,26,2312943,1.1,21,10,33,5,16,-7,0.9,0.41,1.39,0.2,0.69,-0.29
"USA-WA",2022 W15,14,2313021,0.6,22,10,33,-8,4,-19,0.93,0.44,1.43,-0.33,0.16,-0.83
"USA-WA",2022 W16,28,2313098,1.2,16,5,27,12,23,1,0.67,0.17,1.16,0.53,1.03,0.04
"USA-WA",2022 W17,28,2313175,1.2,20,8,31,8,20,-3,0.83,0.34,1.33,0.37,0.86,-0.13
"USA-WA",2022 W18,31,2313252,1.3,15,4,26,16,27,5,0.63,0.14,1.13,0.67,1.16,0.17
"USA-WA",2022 W19,23,2313330,1,18,6,29,5,17,-6,0.77,0.27,1.26,0.23,0.73,-0.26
"USA-WA",2022 W20,25,2313407,1.1,23,12,35,2,13,-10,1,0.51,1.49,0.1,0.59,-0.39
"USA-WA",2022 W21,25,2313484,1.1,24,13,35,1,12,-10,1.03,0.54,1.53,0.07,0.56,-0.43
"USA-WA",2022 W22,24,2313561,1,17,6,28,7,18,-4,0.73,0.24,1.23,0.27,0.76,-0.23
"USA-WA",2022 W23,25,2313639,1.1,20,8,31,5,17,-6,0.83,0.34,1.33,0.27,0.76,-0.23
"USA-WA",2022 W24,16,2313716,0.7,21,10,32,-5,6,-16,0.87,0.37,1.36,-0.17,0.33,-0.66
"USA-WA",2022 W25,26,2313793,1.1,20,9,32,6,17,-6,0.87,0.37,1.36,0.23,0.73,-0.26
"USA-WA",2022 W26,21,2313870,0.9,18,7,30,3,14,-9,0.8,0.31,1.29,0.1,0.59,-0.39
"USA-WA",2022 W27,25,2313948,1.1,22,11,33,3,14,-8,0.93,0.44,1.43,0.17,0.66,-0.33
"USA-WA",2022 W28,27,2314025,1.2,19,7,30,8,20,-3,0.8,0.31,1.29,0.4,0.89,-0.09
"USA-WA",2022 W29,19,2314102,0.8,18,7,29,1,12,-10,0.77,0.27,1.26,0.03,0.53,-0.46
"USA-WA",2022 W30,32,2314179,1.4,20,9,32,12,23,0,0.87,0.37,1.36,0.53,1.03,0.04
"USA-WA",2022 W31,31,2314257,1.3,17,6,28,14,25,3,0.73,0.24,1.23,0.57,1.06,0.07
"USA-WA",2022 W32,18,2314334,0.8,24,12,35,-6,6,-17,1.03,0.54,1.53,-0.23,0.26,-0.73
"USA-WA",2022 W33,27,2314411,1.2,17,6,29,10,21,-2,0.73,0.24,1.23,0.47,0.96,-0.03
"USA-WA",2022 W34,23,2314488,1,17,6,29,6,17,-6,0.73,0.24,1.23,0.27,0.76,-0.23
"USA-WA",2022 W35,20,2314566,0.9,20,9,31,0,11,-11,0.87,0.37,1.36,0.03,0.53,-0.46
"USA-WA",2022 W36,25,2314643,1.1,19,8,31,6,17,-6,0.83,0.34,1.33,0.27,0.76,-0.23
"USA-WA",2022 W37,23,2314720,1,16,4,27,7,19,-4,0.67,0.17,1.16,0.33,0.83,-0.16
"USA-WA",2022 W38,31,2314797,1.3,18,7,30,13,24,1,0.8,0.31,1.29,0.5,0.99,0.01
"USA-WA",2022 W39,30,2314875,1.3,19,8,30,11,22,0,0.8,0.31,1.29,0.5,0.99,0.01
"USA-WA",2022 W40,25,2314952,1.1,23,12,35,2,13,-10,0.97,0.47,1.46,0.13,0.63,-0.36
"USA-WA",2022 W41,24,2315029,1,21,10,32,3,14,-8,0.9,0.41,1.39,0.1,0.59,-0.39
"USA-WA",2022 W42,29,2315106,1.3,23,12,35,6,17,-6,1,0.51,1.49,0.3,0.79,-0.19
"USA-WA",2022 W43,20,2315184,0.9,17,6,28,3,14,-8,0.7,0.21,1.19,0.2,0.69,-0.29
"USA-WA",2022 W44,27,2315261,1.2,21,9,32,6,18,-5,0.87,0.37,1.36,0.33,0.83,-0.16
"USA-WA",2022 W45,30,2315338,1.3,18,7,29,12,23,1,0.77,0.27,1.26,0.53,1.03,0.04
"USA-WA",2022 W46,23,2315415,1,17,6,29,6,17,-6,0.77,0.27,1.26,0.23,0.73,-0.26
"USA-WA",2022 W47,31,2315493,1.3,20,9,32,11,22,-1,0.87,0.37,1.36,0.43,0.93,-0.06
"USA-WA",2022 W48,30,2315570,1.3,16,5,28,14,25,2,0.7,0.21,1.19,0.6,1.09,0.11
"USA-WA",2022 W49,24,2315647,1,21,10,33,3,14,-9,0.9,0.41,1.39,0.1,0.59,-0.39
"USA-WA",2022 W50,26,2315724,1.1,23,11,34,3,15,-8,0.97,0.47,1.46,0.13,0.63,-0.36
"USA-WA",2022 W51,22,2315802,0.9,16,4,27,6,18,-5,0.67,0.17,1.16,0.23,0.73,-0.26
"USA-WA",2022 W52,24,2315879,1,17,5,29,7,19,-5,0.71,0.2,1.22,0.29,0.8,-0.22
"USA-WA",2023 W01,30,2315956,1.3,18,6,30,12,24,0,0.78,0.27,1.28,0.52,1.03,0.02
"USA-WA",2023 W02,21,2316033,0.9,20,8,31,2,13,-10,0.84,0.33,1.35,0.06,0.57,-0.45
"USA-WA",2023 W03,27,2316111,1.2,17,5,29,10,22,-2,0.74,0.23,1.25,0.46,0.97,-0.05
"USA-WA",2023 W04,31,2316188,1.3,21,9,32,10,22,-1,0.91,0.4,1.42,0.39,0.9,-0.12
"USA-WA",2023 W05,17,2316265,0.7,19,7,31,-2,10,-14,0.81,0.3,1.32,-0.11,0.4,-0.62
"USA-WA",2023 W06,22,2316342,0.9,16,4,27,6,18,-5,0.64,0.13,1.15,0.26,0.77,-0.25
"USA-WA",2023 W07,35,2316419,1.5,22,10,34,13,25,1,0.94,0.43,1.45,0.56,1.07,0.05
"USA-WA",2023 W08,22,2316497,0.9,20,9,32,2,13,-10,0.88,0.37,1.38,0.02,0.53,-0.48
"USA-WA",2023 W09,23,2316574,1,22,10,34,1,13,-11,0.94,0.43,1.45,0.06,0.57,-0.45
"USA-WA",2023 W10,33,2316651,1.4,24,12,35,9,21,-2,1.01,0.5,1.52,0.39,0.9,-0.12
"USA-WA",2023 W11,23,2316728,1,22,10,34,1,13,-11,0.94,0.43,1.45,0.06,0.57,-0.45
"USA-WA",2023 W12,31,2316805,1.3,17,5,29,14,26,2,0.71,0.2,1.22,0.59,1.1,0.08
"USA-WA",2023 W13,26,2316883,1.1,17,5,29,9,21,-3,0.74,0.23,1.25,0.36,0.87,-0.15
"USA-WA",2023 W14,25,2316960,1.1,21,9,33,4,16,-8,0.88,0.37,1.38,0.22,0.73,-0.28
"USA-WA",2023 W15,26,2317037,1.1,21,9,33,5,17,-7,0.91,0.4,1.42,0.19,0.7,-0.32
"USA-WA",2023 W16,28,2317114,1.2,16,4,27,12,24,1,0.64,0.13,1.15,0.56,1.07,0.05
"USA-WA",2023 W17,33,2317191,1.4,19,7,31,14,26,2,0.81,0.3,1.32,0.59,1.1,0.08
"USA-WA",2023 W18,27,2317269,1.2,15,3,26,12,24,1,0.61,0.1,1.12,0.59,1.1,0.08
"USA-WA",2023 W19,26,2317346,1.1,17,5,29,9,21,-3,0.74,0.23,1.25,0.36,0.87,-0.15
"USA-WA",2023 W20,19,2317423,0.8,23,11,35,-4,8,-16,0.98,0.47,1.48,-0.18,0.33,-0.68
"USA-WA",2023 W21,27,2317500,1.2,24,12,35,4,15,-8,1.01,0.5,1.52,0.19,0.7,-0.32
"USA-WA",2023 W22,21,2317578,0.9,16,5,28,4,16,-7,0.71,0.2,1.22,0.19,0.7,-0.32
"USA-WA",2023 W23,30,2317655,1.3,19,7,31,11,23,-1,0.81,0.3,1.32,0.49,1,-0.02
"USA-WA",2023 W24,17,2317732,0.7,20,9,32,-4,8,-15,0.84,0.33,1.35,-0.14,0.37,-0.65
"USA-WA",2023 W25,26,2317809,1.1,20,8,32,6,18,-6,0.84,0.33,1.35,0.26,0.77,-0.25
"USA-WA",2023 W26,17,2317886,0.7,18,6,30,-1,11,-13,0.78,0.27,1.28,-0.08,0.43,-0.58
"USA-WA",2023 W27,19,2317964,0.8,22,10,33,-3,9,-14,0.91,0.4,1.42,-0.11,0.4,-0.62
"USA-WA",2023 W28,12,2318041,0.5,18,6,30,-6,6,-18,0.78,0.27,1.28,-0.28,0.23,-0.78
